1	4	1.39335
1	8	1.45619
1	10	1.66858
1	11	1.37641
1	17	1.37749
1	18	1.47353
1	19	1.44466
1	22	1.3735
1	29	1.54644
1	36	1.6861
1	49	2.15436
1	56	1.45925
1	75	1.33111
1	79	1.46939
1	117	1.04315
1	122	1.47616
2	15	1.33702
2	31	1.4479
2	33	1.39393
2	50	1.47433
2	57	1.45771
2	58	1.45332
2	62	1.38847
2	73	1.4634
2	91	1.37652
2	93	1.39262
2	105	1.3391
2	116	1.40179
2	118	1.32831
2	123	1.32073
2	125	0.860489
2	127	1.33188
3	5	1.47049
3	9	1.42492
3	14	1.47153
3	35	1.46905
3	37	1.29598
3	43	1.28483
3	46	1.33606
3	61	2.55348
3	64	1.391
3	69	2.37046e-06
3	74	1.45745
3	86	1.39564
3	88	1.48168
3	95	1.40854
3	102	1.40623
3	111	1.40415
4	8	1.44617
4	10	1.65856
4	11	1.36639
4	17	1.36747
4	19	1.43464
4	26	1.37512
4	34	2.5062
4	36	1.67608
4	54	1.35353
4	56	1.44923
4	94	1.36675
4	101	1.40601
4	106	1.29271
4	108	0.635073
4	110	1.41377
4	114	1.38737
5	7	1.44534
5	9	1.45307
5	14	1.49967
5	20	1.53391
5	30	1.5953
5	35	1.4972
5	41	2.77951
5	64	1.41915
5	67	1.31387
5	86	1.42379
5	88	1.50983
5	95	1.43669
5	111	1.4323
5	115	1.43117
5	119	1.44242
5	121	1.42567
6	9	1.45372
6	12	1.51843
6	24	1.37126
6	25	1.43861
6	27	1.44037
6	35	1.49785
6	37	1.32477
6	43	1.31362
6	64	1.4198
6	74	1.48625
6	88	1.51048
6	111	1.43295
6	112	1.50938
6	114	0.957431
6	116	2.92117e-06
6	121	1.42631
7	20	1.50987
7	24	1.34657
7	27	1.41569
7	37	1.30009
7	43	1.28894
7	67	1.28983
7	72	1.49184
7	74	1.46156
7	77	1.41272
7	78	1.41686
7	84	1.3413
7	86	1.39975
7	88	1.4858
7	95	1.41265
7	102	1.41034
7	119	1.41839
8	4	1.41961
8	5	0.15224
8	22	1.39977
8	23	1.39319
8	39	1.42093
8	54	1.38981
8	56	1.48552
8	60	1.47338
8	85	1.82547
8	94	1.40304
8	101	1.44229
8	106	1.32899
8	110	1.45006
8	120	1.41919
8	122	1.50243
8	127	3.58814
9	12	1.49223
9	14	1.47412
9	24	1.34506
9	25	1.41241
9	27	1.41417
9	37	1.29857
9	46	1.33866
9	67	1.28831
9	78	1.41535
9	84	1.33978
9	86	1.39823
9	95	1.41113
9	97	0.155677
9	111	1.40675
9	115	1.40562
9	118	2.75091
10	1	1.51148
10	8	1.51904
10	17	1.44034
10	19	1.50751
10	21	0.000458403
10	23	1.42977
10	44	1.51889
10	60	1.50997
10	75	1.39396
10	93	1.35004
10	94	1.43962
10	102	0.47017
10	109	2.7135
10	110	1.48664
10	113	1.42415
10	114	1.46024
11	4	1.38431
11	19	1.43563
11	21	1.95749
11	22	1.36447
11	23	1.35789
11	26	1.37611
11	36	1.67707
11	39	1.38563
11	44	1.44701
11	56	1.45022
11	75	1.32208
11	85	1.79018
11	97	1.43253
11	106	1.2937
11	113	1.35227
11	114	1.38836
12	3	1.44364
12	5	1.49682
12	7	1.44353
12	20	1.53209
12	22	1.04973
12	24	1.3688
12	35	1.49538
12	43	1.31116
12	48	1.91629
12	64	1.41733
12	67	1.31205
12	78	1.43908
12	89	1.37711
12	111	1.43049
12	119	1.44061
12	121	1.42385
13	32	1.44052
13	38	1.36401
13	45	1.43581
13	47	1.43188
13	52	1.64473
13	61	1.41077
13	64	1.14444
13	68	1.40914
13	72	1.40306
13	80	1.41404
13	87	1.41539
13	90	1.48048
13	109	1.36478
13	122	0.949711
13	124	1.47876
13	128	1.41495
14	6	1.49969
14	25	1.4379
14	43	1.31292
14	46	1.36415
14	56	3.00566e-07
14	61	1.95834
14	74	1.48554
14	78	1.44084
14	86	1.42373
14	88	1.50977
14	89	1.37887
14	95	1.43663
14	102	1.43432
14	112	1.50868
14	119	1.44236
14	126	1.51613
15	2	1.38747
15	31	1.42463
15	33	1.37066
15	53	1.3743
15	62	1.36521
15	65	1.36965
15	82	1.37944
15	92	1.38296
15	93	1.36935
15	96	1.37407
15	99	1.29885
15	105	1.31583
15	108	1.46278
15	115	1.74669
15	116	1.37852
15	118	1.30504
16	40	1.42043
16	48	1.41098
16	53	1.41828
16	57	1.47842
16	58	1.47403
16	62	1.40918
16	65	1.41362
16	66	1.47864
16	70	1.34564
16	73	1.48411
16	78	2.09636
16	81	1.41276
16	91	1.39723
16	99	1.34283
16	104	1.48376
16	105	1.35981
17	1	1.4243
17	8	1.43185
17	18	1.44919
17	22	1.34916
17	26	1.3608
17	36	1.66176
17	54	1.33921
17	56	1.43492
17	57	1.84644
17	59	1.36278
17	60	1.42278
17	75	1.30678
17	85	1.77487
17	94	1.35243
17	106	1.27839
17	110	1.39945
18	1	1.47859
18	4	1.4233
18	11	1.40636
18	17	1.40744
18	23	1.39688
18	29	1.57639
18	43	4.52534
18	45	0.00454386
18	54	1.3935
18	60	1.47707
18	63	1.41024
18	75	1.36107
18	79	1.49934
18	97	1.47151
18	110	1.45374
18	113	1.39126
19	11	1.39692
19	17	1.39801
19	18	1.49405
19	23	1.38744
19	29	1.56696
19	35	1.12696
19	36	1.70662
19	39	1.41518
19	44	1.47656
19	60	1.46764
19	63	1.4008
19	72	0.751351
19	75	1.35163
19	85	1.81973
19	106	1.32324
19	122	1.49668
20	3	1.43042
20	6	1.48471
20	24	1.35558
20	25	1.42293
20	43	1.29794
20	46	1.34918
20	52	0.00746527
20	67	1.29883
20	74	1.47057
20	84	1.3503
20	89	1.36389
20	95	1.42165
20	99	0.881783
20	112	1.4937
20	115	1.41614
20	126	1.50115
21	2	1.41286
21	14	2.56735
21	31	1.45002
21	33	1.39605
21	48	1.3924
21	53	1.39969
21	57	1.45983
21	58	1.45544
21	65	1.39504
21	73	1.46553
21	82	1.40483
21	91	1.37865
21	96	1.39946
21	108	1.48817
21	116	1.40391
21	127	1.334
22	7	1.68906
22	8	1.43613
22	10	1.64853
22	17	1.35743
22	23	1.34687
22	29	1.52638
22	44	1.43599
22	54	1.34349
22	60	1.42706
22	63	1.36023
22	66	1.78692
22	85	1.77916
22	94	1.35672
22	101	1.39597
22	106	1.28267
22	114	1.37734
23	7	1.34447
23	10	1.6441
23	19	1.42018
23	26	1.36066
23	29	1.52196
23	54	1.33907
23	56	1.43477
23	60	1.42264
23	73	2.55941
23	79	1.4449
23	85	1.77473
23	94	1.35229
23	97	1.41708
23	106	1.27825
23	114	1.37291
23	120	1.36844
24	7	1.38142
24	9	1.38915
24	14	1.43575
24	20	1.46999
24	35	1.43328
24	37	1.26021
24	43	1.24906
24	46	1.30029
24	64	1.35523
24	77	1.37283
24	78	1.37698
24	88	1.44591
24	90	1.62399
24	102	1.37046
24	112	1.44482
24	119	1.3785
25	8	0.770914
25	9	1.42207
25	12	1.48678
25	14	1.46867
25	20	1.50291
25	27	1.40872
25	32	1.9461
25	35	1.4662
25	43	1.28198
25	46	1.33321
25	67	1.28287
25	77	1.40575
25	78	1.4099
25	89	1.34793
25	102	1.40338
25	111	1.4013
26	1	1.43249
26	22	1.35736
26	23	1.35078
26	36	1.66996
26	40	1.67561
26	54	1.34741
26	56	1.44311
26	60	1.43098
26	62	2.55461
26	63	1.36414
26	75	1.31497
26	79	1.45324
26	85	1.78307
26	97	1.42542
26	120	1.37678
26	122	1.46002
27	3	1.41532
27	12	1.48765
27	24	1.34048
27	25	1.40783
27	55	2.16042
27	64	1.38902
27	67	1.28374
27	77	1.40662
27	78	1.41077
27	84	1.33521
27	88	1.4797
27	95	1.40656
27	102	1.40425
27	121	1.39553
27	126	1.48606
27	128	0.375332
28	34	1.38519
28	36	2.12393e-06
28	38	1.32683
28	47	1.3947
28	51	1.44959
28	52	1.60755
28	55	1.39832
28	61	1.3736
28	69	1.53336
28	71	1.38587
28	72	1.36589
28	83	1.32626
28	87	1.37821
28	107	1.52514
28	109	1.3276
28	124	1.44158
29	8	1.51707
29	17	1.43837
29	18	1.53441
29	22	1.43438
29	28	1.7099
29	39	1.45554
29	57	0.458023
29	63	1.44116
29	71	1.62462
29	79	1.53026
29	101	1.4769
29	106	1.3636
29	110	1.48467
29	113	1.42218
29	120	1.4538
29	122	1.53704
30	1	0.80167
30	17	1.99396
30	45	1.4105
30	47	1.40658
30	51	1.46146
30	61	1.38547
30	70	1.46299
30	90	1.45517
30	100	1.46918
30	103	1.40105
30	107	1.53701
30	109	1.33948
30	117	1.45869
30	124	1.45346
30	125	1.48819
30	128	1.38965
31	2	1.44291
31	5	1.97169e-05
31	16	1.49547
31	30	0.132027
31	49	1.49023
31	50	1.5065
31	57	1.48988
31	62	1.42064
31	66	1.49011
31	73	1.49557
31	76	1.41831
31	81	1.42422
31	82	1.43487
31	93	1.42479
31	96	1.42951
31	99	1.35429
32	20	1.25953e-06
32	34	1.38494
32	38	1.32659
32	41	1.37791
32	45	1.39839
32	47	1.39446
32	55	1.39807
32	71	1.38563
32	83	1.32601
32	87	1.37797
32	106	2.58035
32	107	1.5249
32	109	1.32736
32	124	1.44134
32	125	1.47608
32	128	1.37753
33	13	1.18483
33	21	1.37814
33	40	1.4009
33	50	1.47552
33	62	1.38966
33	65	1.3941
33	66	1.45912
33	73	1.46459
33	81	1.39323
33	91	1.37771
33	92	1.40741
33	96	1.39852
33	102	2.67125
33	108	1.48723
33	116	1.40297
33	118	1.32949
34	13	1.46529
34	28	1.38516
34	32	1.40325
34	38	1.32673
34	42	1.37098
34	47	1.3946
34	52	1.60745
34	55	1.39821
34	61	1.3735
34	72	1.36578
34	80	1.37676
34	90	1.4432
34	103	1.38907
34	107	1.52504
34	126	0.988838
34	128	1.37767
35	9	1.45245
35	20	1.53328
35	25	1.43733
35	37	1.3235
35	64	1.41852
35	74	1.48497
35	79	0.0990577
35	84	1.36471
35	89	1.3783
35	94	2.91703
35	95	1.43606
35	111	1.43168
35	112	1.50811
35	119	1.4418
35	121	1.42504
35	126	1.51556
36	1	1.34767
36	8	1.35522
36	11	1.27544
36	14	4.25467e-06
36	18	1.37257
36	37	4.52085
36	39	1.2937
36	44	1.35508
36	59	1.28615
36	75	1.23015
36	79	1.36842
36	84	0.21619
36	101	1.31506
36	114	1.29643
36	120	1.29196
36	122	1.3752
37	3	1.35298
37	7	1.35287
37	9	1.3606
37	12	1.42531
37	14	1.4072
37	24	1.27814
37	27	1.34725
37	43	1.22051
37	46	1.27174
37	67	1.2214
37	77	1.34428
37	86	1.33132
37	89	1.28646
37	112	1.41627
37	115	1.3387
37	121	1.3332
38	28	1.35315
38	34	1.35308
38	42	1.33897
38	45	1.36653
38	55	1.36621
38	61	1.34149
38	68	1.33986
38	83	1.29415
38	87	1.34611
38	98	1.43085
38	100	1.4252
38	103	1.35707
38	107	1.49304
38	109	1.2955
38	122	2.39099
38	125	1.44422
39	1	1.44757
39	4	1.39228
39	10	1.66751
39	11	1.37534
39	22	1.37243
39	26	1.38407
39	56	1.45819
39	59	1.38605
39	60	1.44605
39	63	1.37922
39	75	1.33005
39	77	3.08518
39	79	1.46832
39	97	1.44049
39	110	1.42272
39	120	1.39186
40	2	1.41603
40	12	0.859809
40	15	1.34231
40	21	1.38224
40	58	1.45861
40	62	1.39376
40	65	1.39821
40	76	1.39143
40	82	1.40799
40	91	1.38181
40	92	1.41152
40	100	1.98989
40	104	1.46834
40	108	1.49134
40	123	1.32602
40	127	1.33717
41	13	1.46253
41	16	0.554909
41	34	1.38232
41	47	1.39184
41	55	1.39545
41	61	1.37074
41	70	1.44826
41	71	1.38301
41	80	1.374
41	87	1.37535
41	98	1.46009
41	100	1.45444
41	109	1.32474
41	117	1.44395
41	125	1.47346
41	128	1.37491
42	13	1.45809
42	41	1.37085
42	52	1.60025
42	61	1.36629
42	69	1.52606
42	70	1.44382
42	74	0.0554153
42	80	1.36956
42	83	1.31895
42	90	1.436
42	100	1.45
42	103	1.38187
42	109	1.3203
42	124	1.43428
42	125	1.46902
42	128	1.37047
43	3	1.35154
43	5	1.40472
43	9	1.35916
43	25	1.34405
43	35	1.40329
43	67	1.21996
43	74	1.39169
43	78	1.34699
43	84	1.27142
43	86	1.32988
43	89	1.28501
43	102	1.34047
43	111	1.33839
43	115	1.33726
43	121	1.33175
43	126	1.42227
44	1	1.47485
44	4	1.41955
44	10	1.69479
44	11	1.40261
44	26	1.41135
44	36	1.71231
44	54	1.38976
44	59	1.41333
44	60	1.47333
44	63	1.4065
44	70	1.55946
44	79	1.49559
44	97	1.46777
44	104	1.65793
44	110	1.45
44	114	1.4236
45	2	2.35325
45	30	1.45919
45	32	1.40791
45	34	1.38976
45	38	1.3314
45	42	1.37565
45	51	1.45416
45	61	1.37817
45	68	1.37653
45	80	1.38143
45	83	1.33082
45	90	1.44787
45	103	1.39374
45	107	1.52971
45	109	1.33217
45	117	1.45138
46	5	1.43151
46	6	1.43263
46	12	1.45066
46	20	1.46679
46	25	1.37084
46	27	1.3726
46	42	2.1839
46	64	1.35203
46	67	1.24675
46	74	1.41848
46	89	1.31181
46	95	1.36957
46	111	1.36518
46	112	1.44162
46	115	1.36405
46	119	1.3753
47	28	1.38512
47	30	1.45448
47	42	1.37094
47	70	1.45098
47	71	1.38573
47	72	1.36574
47	80	1.37672
47	83	1.32612
47	87	1.37807
47	98	1.46281
47	107	1.525
47	109	1.32746
47	115	1.60262
47	117	1.44667
47	124	1.44144
47	126	0.876129
48	2	1.41804
48	21	1.38425
48	51	0.750767
48	53	1.40487
48	57	1.46501
48	58	1.46062
48	62	1.39577
48	76	1.39344
48	81	1.39935
48	82	1.41
48	92	1.41353
48	96	1.40464
48	99	1.32942
48	104	1.47035
48	116	1.40909
48	123	1.32803
49	6	1.81514
49	15	1.37406
49	16	1.50033
49	21	1.41399
49	40	1.43675
49	48	1.42731
49	50	1.51137
49	53	1.4346
49	57	1.49474
49	65	1.42995
49	66	1.49497
49	91	1.41356
49	93	1.42966
49	107	0.556921
49	116	1.43882
49	123	1.35777
50	16	1.50869
50	19	1.03655
50	21	1.42234
50	31	1.49328
50	48	1.43566
50	53	1.44295
50	62	1.43386
50	81	1.43744
50	82	1.44809
50	93	1.43801
50	98	0.681353
50	99	1.36751
50	104	1.50844
50	118	1.37369
50	123	1.36612
50	127	1.37727
51	13	1.49465
51	30	1.48388
51	32	1.4326
51	38	1.35609
51	41	1.40742
51	69	1.56262
51	70	1.48038
51	72	1.39514
51	80	1.40612
51	86	2.24022
51	88	1.53475
51	90	1.47256
51	98	1.49221
51	103	1.41843
51	117	1.47607
51	128	1.40703
52	11	1.54171
52	30	1.56028
52	34	1.49085
52	41	1.48382
52	42	1.47674
52	55	1.50398
52	56	0.00779327
52	60	1.02995
52	71	1.49154
52	72	1.47155
52	85	0.0111325
52	87	1.48388
52	100	1.56297
52	103	1.49484
52	109	1.43327
52	125	1.58199
53	2	1.41206
53	33	1.39525
53	49	1.45938
53	59	2.09079
53	62	1.3898
53	65	1.39424
53	73	1.46473
53	81	1.39337
53	93	1.39395
53	96	1.39866
53	99	1.32344
53	103	2.27085
53	104	1.46438
53	105	1.34042
53	108	1.48737
53	127	1.3332
54	1	1.42997
54	4	1.37468
54	10	1.64992
54	11	1.35774
54	19	1.426
54	29	1.52778
54	71	2.5188
54	79	1.45072
54	85	1.78055
54	94	1.35811
54	101	1.39736
54	106	1.28406
54	110	1.40513
54	113	1.34264
54	114	1.37873
54	122	1.4575
55	28	1.39214
55	32	1.41023
55	34	1.39207
55	38	1.33371
55	41	1.38504
55	45	1.40551
55	47	1.40158
55	63	1.57384
55	68	1.37884
55	71	1.39275
55	72	1.37277
55	83	1.33314
55	98	1.46983
55	100	1.46419
55	107	1.53202
55	125	1.4832
56	4	1.41666
56	8	1.47951
56	17	1.40081
56	18	1.49685
56	22	1.39682
56	26	1.40846
56	39	1.41798
56	54	1.38687
56	59	1.41043
56	63	1.40361
56	79	1.4927
56	82	2.8105
56	85	1.82253
56	105	1.70944
56	113	1.38462
56	120	1.41624
57	16	1.50038
57	33	1.43101
57	34	1.03045
57	40	1.4368
57	41	1.19077
57	50	1.51141
57	73	1.50048
57	76	1.42322
57	81	1.42912
57	91	1.4136
57	93	1.4297
57	99	1.3592
57	104	1.50013
57	105	1.37617
57	116	1.43886
57	118	1.36538
58	15	1.3719
58	16	1.49818
58	21	1.41183
58	31	1.48278
58	33	1.42881
58	49	1.49294
58	57	1.49259
58	65	1.4278
58	66	1.49282
58	73	1.49829
58	76	1.42102
58	91	1.4114
58	101	2.25048
58	104	1.49793
58	105	1.37398
58	124	1.00334e-05
59	1	1.44121
59	4	1.38592
59	10	1.66116
59	22	1.36608
59	26	1.37771
59	39	1.38724
59	44	1.44862
59	54	1.35612
59	56	1.45183
59	60	1.43969
59	63	1.37286
59	75	1.32369
59	85	1.79179
59	90	1.32103
59	113	1.35388
59	120	1.3855
60	10	1.69033
60	11	1.39815
60	18	1.49528
60	22	1.39525
60	29	1.56819
60	38	2.13477
60	44	1.47779
60	56	1.481
60	59	1.40886
60	63	1.40203
60	97	1.46331
60	100	0.8787
60	106	1.32447
60	113	1.38305
60	120	1.41467
60	122	1.49791
61	8	0.0137247
61	13	1.46013
61	28	1.37999
61	30	1.44935
61	32	1.39808
61	51	1.44432
61	52	1.60228
61	69	1.52809
61	71	1.38061
61	72	1.36062
61	80	1.37159
61	83	1.32099
61	100	1.45204
61	103	1.38391
61	117	1.44155
61	125	1.47105
62	2	1.41286
62	4	1.38228
62	31	1.45002
62	48	1.3924
62	53	1.39969
62	65	1.39504
62	73	1.46553
62	76	1.38826
62	82	1.40482
62	92	1.40835
62	96	1.39946
62	97	0.589491
62	99	1.32424
62	104	1.46517
62	108	1.48817
62	118	1.33043
63	11	1.36692
63	19	1.43518
63	23	1.35744
63	26	1.37566
63	36	1.67662
63	54	1.35407
63	56	1.44977
63	59	1.37763
63	60	1.43764
63	85	1.78973
63	94	1.36729
63	97	1.43208
63	101	1.40654
63	106	1.29324
63	110	1.41431
63	125	1.56892
64	3	1.40742
64	5	1.4606
64	6	1.46171
64	7	1.40731
64	9	1.41504
64	12	1.47975
64	20	1.49588
64	24	1.33258
64	43	1.27494
64	46	1.32618
64	74	1.44757
64	80	1.92593
64	86	1.38575
64	88	1.4718
64	102	1.39635
64	126	1.47815
65	12	0.699522
65	15	1.33961
65	31	1.45049
65	48	1.39287
65	49	1.46065
65	50	1.47692
65	58	1.45591
65	62	1.39106
65	87	2.65044
65	91	1.37911
65	92	1.40882
65	93	1.39521
65	105	1.34169
65	108	1.48864
65	116	1.40438
65	123	1.32332
66	10	1.27403e-06
66	16	1.50049
66	21	1.41414
66	33	1.43112
66	49	1.49525
66	57	1.4949
66	58	1.49051
66	76	1.42333
66	81	1.42924
66	82	1.43989
66	91	1.41371
66	99	1.35931
66	104	1.50024
66	113	1.29665
66	116	1.43897
66	118	1.3655
67	3	1.34351
67	5	1.39669
67	6	1.39781
67	25	1.33602
67	37	1.22219
67	74	1.38366
67	84	1.26339
67	86	1.32185
67	88	1.40789
67	95	1.33475
67	102	1.33244
67	111	1.33036
67	112	1.40679
67	115	1.32923
67	119	1.34048
67	126	1.41424
68	13	1.45885
68	28	1.37871
68	30	1.44807
68	32	1.3968
68	34	1.37864
68	41	1.37161
68	42	1.36453
68	47	1.38816
68	52	1.60101
68	55	1.39177
68	61	1.36705
68	69	1.52682
68	72	1.35934
68	98	1.45641
68	99	3.64019
68	124	1.43504
69	13	1.51079
69	17	0.683597
69	34	1.43059
69	38	1.37223
69	41	1.42356
69	42	1.41648
69	45	1.44403
69	51	1.49499
69	52	1.65295
69	70	1.49652
69	71	1.43127
69	77	1.32183
69	93	2.53429
69	103	1.43457
69	117	1.49221
69	124	1.48698
70	9	1.61962
70	10	0.000291824
70	13	1.49543
70	30	1.48466
70	32	1.43339
70	41	1.4082
70	45	1.42867
70	61	1.40364
70	68	1.402
70	69	1.5634
70	71	1.41591
70	80	1.4069
70	100	1.48734
70	107	1.55518
70	109	1.35764
70	124	1.47162
71	28	1.38439
71	32	1.40248
71	35	0.382023
71	38	1.32596
71	41	1.37729
71	42	1.37021
71	52	1.60668
71	55	1.39745
71	61	1.37273
71	68	1.37109
71	70	1.45025
71	72	1.36502
71	87	1.37735
71	98	1.46209
71	124	1.44071
71	125	1.47545
72	30	1.44601
72	32	1.39473
72	34	1.37658
72	41	1.36955
72	47	1.38609
72	52	1.59894
72	55	1.3897
72	69	1.52475
72	71	1.37726
72	80	1.36825
72	86	2.28245
72	87	1.3696
72	90	1.43469
72	98	1.45434
72	117	1.4382
72	125	1.46771
73	2	1.45066
73	21	1.41688
73	31	1.48782
73	33	1.43385
73	40	1.43964
73	48	1.4302
73	49	1.49798
73	53	1.43749
73	57	1.49763
73	60	0.482043
73	69	0.000212289
73	91	1.41645
73	99	1.36204
73	105	1.37902
73	108	1.52597
73	116	1.44171
74	6	1.49332
74	7	1.43892
74	9	1.44665
74	12	1.51135
74	20	1.52748
74	24	1.36419
74	25	1.43153
74	35	1.49077
74	50	0.864343
74	75	2.66759
74	77	1.43033
74	84	1.35891
74	88	1.50341
74	111	1.42588
74	115	1.42475
74	126	1.50976
75	4	1.35709
75	8	1.41993
75	10	1.63232
75	17	1.34123
75	18	1.43728
75	19	1.4084
75	23	1.33067
75	29	1.51018
75	39	1.35841
75	48	1.85766
75	101	1.37977
75	106	1.26647
75	110	1.38753
75	114	1.36114
75	120	1.35667
75	122	1.43991
76	15	1.34207
76	16	1.46834
76	27	1.98896
76	48	1.39532
76	50	1.47937
76	53	1.40261
76	58	1.45836
76	66	1.46298
76	73	1.46845
76	81	1.39709
76	82	1.40775
76	91	1.38156
76	93	1.39766
76	108	1.49109
76	118	1.33335
76	127	1.33692
77	3	1.41479
77	5	1.46797
77	6	1.46908
77	7	1.41468
77	14	1.46901
77	24	1.33995
77	27	1.40906
77	31	0.115811
77	35	1.46653
77	37	1.29346
77	67	1.2832
77	102	1.40371
77	111	1.40164
77	119	1.41176
77	121	1.395
77	126	1.48552
78	3	1.41501
78	5	1.46819
78	6	1.4693
78	20	1.50347
78	24	1.34017
78	25	1.40751
78	37	1.29368
78	43	1.28253
78	44	0.986252
78	46	1.33377
78	66	1.44215
78	102	1.40394
78	112	1.47829
78	115	1.40073
78	121	1.39522
78	126	1.48574
79	1	1.48152
79	8	1.48907
79	17	1.41037
79	19	1.47754
79	23	1.3998
79	39	1.42754
79	56	1.49213
79	94	1.40965
79	101	1.44891
79	104	1.73914
79	110	1.45667
79	113	1.39418
79	114	1.43027
79	120	1.42581
79	122	1.50904
79	123	1.62302
80	30	1.44921
80	32	1.39794
80	34	1.37978
80	45	1.39322
80	47	1.3893
80	51	1.44418
80	55	1.39291
80	69	1.52795
80	70	1.44571
80	90	1.43789
80	98	1.45755
80	100	1.4519
80	109	1.32219
80	112	1.41998
80	125	1.47091
80	128	1.37236
81	2	1.41188
81	6	1.7529
81	15	1.33817
81	16	1.46445
81	31	1.44904
81	33	1.39508
81	40	1.40087
81	46	2.34148
81	48	1.39142
81	49	1.4592
81	65	1.39406
81	82	1.40385
81	93	1.39377
81	99	1.32327
81	108	1.48719
81	127	1.33303
82	2	1.42258
82	21	1.3888
82	33	1.40578
82	40	1.41156
82	49	1.4699
82	58	1.46516
82	62	1.40032
82	65	1.40476
82	66	1.46978
82	92	1.41807
82	99	1.33397
82	105	1.35094
82	110	1.08186
82	116	1.41363
82	119	0.632487
82	123	1.33258
83	13	1.433
83	20	3.74895
83	42	1.33868
83	45	1.36624
83	51	1.4172
83	55	1.36592
83	61	1.34121
83	70	1.41873
83	71	1.35348
83	87	1.34582
83	98	1.43056
83	100	1.42491
83	109	1.29521
83	117	1.41442
83	125	1.44393
83	128	1.34538
84	3	1.37889
84	7	1.37878
84	12	1.45122
84	14	1.43312
84	20	1.46735
84	24	1.30405
84	27	1.37317
84	31	4.29495
84	37	1.25757
84	46	1.29765
84	77	1.37019
84	78	1.37434
84	88	1.44327
84	111	1.36574
84	115	1.36461
84	126	1.44963
85	4	1.17258
85	10	1.44782
85	19	1.2239
85	26	1.16437
85	39	1.1739
85	44	1.23528
85	49	6.52704e-06
85	59	1.16635
85	63	1.15952
85	67	4.44939
85	75	1.11035
85	83	0.660696
85	94	1.15601
85	110	1.20303
85	113	1.14054
85	114	1.17663
86	5	1.46233
86	6	1.46345
86	9	1.41677
86	12	1.48148
86	24	1.33431
86	27	1.40342
86	36	0.00270016
86	77	1.40045
86	84	1.32903
86	88	1.47353
86	89	1.34262
86	95	1.40039
86	111	1.396
86	112	1.47244
86	121	1.38936
86	126	1.47988
87	13	1.45843
87	19	1.61046
87	28	1.3783
87	41	1.37119
87	47	1.38774
87	52	1.60059
87	55	1.39135
87	68	1.365
87	69	1.5264
87	70	1.44416
87	71	1.37891
87	72	1.35892
87	90	1.43634
87	103	1.38221
87	110	0.264236
87	117	1.43985
88	3	1.45114
88	5	1.50432
88	7	1.45103
88	12	1.52347
88	25	1.44365
88	27	1.44541
88	29	0.733812
88	37	1.32982
88	43	1.31867
88	46	1.3699
88	74	1.49129
88	77	1.44244
88	85	0.00278351
88	86	1.42948
88	119	1.44811
88	121	1.43135
89	3	1.38569
89	9	1.39331
89	18	0.000100856
89	24	1.31085
89	27	1.37996
89	43	1.25321
89	46	1.30445
89	64	1.35939
89	67	1.2541
89	78	1.38114
89	88	1.45007
89	95	1.37692
89	112	1.44897
89	119	1.38266
89	121	1.3659
89	126	1.45642
90	30	1.48075
90	32	1.42948
90	33	0.670184
90	38	1.35296
90	51	1.47572
90	52	1.63368
90	54	0.909987
90	70	1.47725
90	71	1.412
90	100	1.48344
90	103	1.4153
90	109	1.35373
90	117	1.47294
90	124	1.46771
90	125	1.50245
90	128	1.4039
91	16	1.46213
91	21	1.37578
91	31	1.44673
91	33	1.39276
91	40	1.39855
91	48	1.3891
91	50	1.47316
91	57	1.45654
91	58	1.45215
91	66	1.45677
91	82	1.40153
91	88	2.25062
91	93	1.39145
91	96	1.39617
91	116	1.40061
91	118	1.32714
92	2	1.42315
92	15	1.34944
92	16	1.47571
92	23	0.62214
92	40	1.41213
92	48	1.40269
92	49	1.47047
92	53	1.40998
92	57	1.47012
92	62	1.40089
92	66	1.47035
92	96	1.40975
92	105	1.35151
92	107	1.28341
92	123	1.33315
92	127	1.34429
93	15	1.33887
93	16	1.46515
93	33	1.39578
93	40	1.40157
93	49	1.45991
93	50	1.47618
93	53	1.39942
93	62	1.39032
93	76	1.38799
93	81	1.3939
93	92	1.40808
93	96	1.39919
93	104	1.4649
93	123	1.32259
93	124	0.639899
93	127	1.33373
94	8	1.44298
94	10	1.65538
94	18	1.46033
94	22	1.3603
94	29	1.53324
94	36	1.6729
94	44	1.44284
94	53	0.164073
94	75	1.31791
94	79	1.45618
94	101	1.40282
94	106	1.28952
94	108	1.44302
94	113	1.3481
94	120	1.37972
94	122	1.46296
95	9	1.42104
95	12	1.48575
95	25	1.40593
95	42	2.28673
95	46	1.33218
95	64	1.38712
95	67	1.28184
95	76	0.708191
95	78	1.40887
95	88	1.4778
95	89	1.3469
95	111	1.40027
95	112	1.47671
95	115	1.39914
95	119	1.41039
95	121	1.39364
96	16	1.47078
96	21	1.38443
96	31	1.45538
96	49	1.46554
96	50	1.48181
96	57	1.46519
96	62	1.39595
96	81	1.39953
96	99	1.3296
96	104	1.47053
96	105	1.34658
96	108	1.49353
96	117	1.11354
96	118	1.33579
96	123	1.32821
96	127	1.33936
97	3	1.97202
97	4	1.41231
97	10	1.68755
97	11	1.39537
97	18	1.4925
97	19	1.46363
97	25	1.80824
97	29	1.56541
97	36	1.70507
97	39	1.41363
97	44	1.47501
97	54	1.38252
97	59	1.40608
97	75	1.35008
97	94	1.39574
97	114	1.41636
98	28	1.41633
98	32	1.43441
98	34	1.41625
98	38	1.3579
98	39	0.784482
98	41	1.40923
98	42	1.40214
98	52	1.63862
98	69	1.56443
98	80	1.40793
98	83	1.35732
98	87	1.40928
98	90	1.47437
98	101	1.74505
98	120	1.31211
98	124	1.47265
99	2	1.37804
99	40	1.36702
99	49	1.42536
99	50	1.44163
99	53	1.36487
99	65	1.36022
99	73	1.43071
99	76	1.35344
99	82	1.37
99	92	1.37353
99	93	1.35992
99	96	1.36464
99	108	1.45335
99	116	1.36909
99	123	1.28803
99	127	1.29918
100	28	1.41839
100	32	1.43648
100	38	1.35996
100	42	1.40421
100	51	1.48272
100	68	1.40509
100	69	1.56649
100	81	0.431032
100	83	1.35939
100	98	1.49609
100	103	1.42231
100	107	1.55827
100	109	1.36073
100	112	1.22688
100	117	1.47995
100	128	1.41091
101	1	1.45662
101	4	1.40133
101	16	0.52984
101	17	1.38548
101	19	1.45265
101	22	1.38149
101	23	1.37491
101	26	1.39313
101	54	1.37154
101	56	1.46724
101	59	1.3951
101	63	1.38828
101	94	1.38476
101	97	1.44955
101	106	1.31072
101	114	1.40538
102	3	1.41417
102	6	1.46847
102	7	1.41406
102	14	1.46839
102	20	1.50263
102	27	1.40844
102	43	1.2817
102	63	1.38364
102	64	1.38787
102	77	1.40547
102	84	1.33406
102	86	1.39251
102	95	1.40541
102	119	1.41114
102	121	1.39438
102	126	1.48491
103	13	1.46674
103	18	3.29398e-07
103	28	1.3866
103	30	1.45596
103	38	1.32818
103	45	1.39998
103	68	1.37331
103	69	1.53471
103	72	1.36723
103	80	1.37821
103	83	1.3276
103	87	1.37956
103	90	1.44465
103	98	1.4643
103	114	2.25487
103	128	1.37912
104	2	1.45048
104	15	1.37677
104	16	1.50305
104	21	1.4167
104	48	1.43002
104	49	1.4978
104	55	0.792069
104	58	1.49307
104	65	1.43266
104	66	1.49768
104	68	0.333568
104	91	1.41627
104	92	1.44597
104	93	1.43237
104	105	1.37884
104	123	1.36048
105	15	1.31479
105	21	1.35472
105	28	2.81579
105	33	1.3717
105	53	1.37534
105	66	1.43571
105	73	1.44117
105	76	1.36391
105	81	1.36982
105	82	1.38047
105	92	1.38399
105	96	1.37511
105	116	1.37955
105	118	1.30608
105	123	1.2985
105	127	1.30965
106	1	1.39819
106	17	1.32704
106	18	1.42308
106	22	1.32305
106	26	1.33469
106	36	1.63565
106	44	1.4056
106	50	1.94516
106	63	1.32984
106	79	1.41893
106	85	1.74876
106	97	1.39111
106	101	1.36558
106	113	1.31085
106	120	1.34248
106	122	1.42571
107	30	1.51437
107	41	1.43791
107	42	1.43083
107	44	0.32499
107	45	1.45838
107	51	1.50934
107	52	1.66731
107	54	1.09729
107	58	1.2622
107	68	1.43171
107	69	1.59312
107	72	1.42564
107	83	1.38601
107	90	1.50305
107	100	1.51706
107	128	1.43753
108	1	0.524427
108	15	1.38827
108	31	1.49914
108	40	1.45096
108	52	1.92404
108	53	1.44881
108	62	1.43972
108	65	1.44416
108	76	1.43738
108	81	1.44329
108	93	1.44387
108	96	1.44858
108	105	1.39034
108	118	1.37955
108	123	1.37198
108	127	1.38312
109	34	1.35347
109	42	1.33936
109	45	1.36691
109	51	1.41787
109	55	1.3666
109	68	1.34024
109	80	1.34514
109	83	1.29454
109	87	1.34649
109	91	1.81114
109	100	1.42559
109	103	1.35746
109	107	1.49342
109	124	1.40986
109	125	1.4446
109	128	1.34605
110	10	1.67866
110	11	1.38649
110	19	1.45474
110	23	1.37701
110	26	1.39522
110	36	1.69618
110	44	1.46613
110	45	2.16716
110	58	1.01273
110	59	1.3972
110	60	1.4572
110	79	1.47947
110	85	1.80929
110	101	1.42611
110	113	1.37139
110	122	1.48624
111	3	1.41498
111	6	1.46927
111	7	1.41487
111	9	1.4226
111	20	1.50343
111	26	0.294244
111	27	1.40925
111	35	1.46672
111	67	1.28339
111	76	1.82848
111	77	1.40628
111	78	1.41042
111	89	1.34845
111	102	1.4039
111	115	1.4007
111	119	1.41195
112	6	1.50489
112	9	1.45822
112	12	1.52292
112	14	1.50482
112	27	1.44487
112	35	1.50234
112	37	1.32927
112	39	0.659849
112	46	1.36935
112	64	1.42429
112	74	1.49074
112	84	1.37048
112	86	1.42893
112	89	1.38407
112	115	1.43631
112	120	1.21705
113	1	1.42808
113	8	1.43563
113	11	1.35585
113	17	1.35693
113	23	1.34637
113	29	1.52588
113	36	1.66554
113	56	1.4387
113	59	1.36656
113	64	1.45459
113	79	1.44883
113	85	1.77865
113	97	1.421
113	101	1.39547
113	114	1.37684
113	120	1.37237
114	2	1.31276
114	4	1.39243
114	8	1.45527
114	18	1.47262
114	19	1.44375
114	22	1.37259
114	23	1.36601
114	29	1.54553
114	36	1.68519
114	39	1.39375
114	44	1.45513
114	54	1.36263
114	59	1.3862
114	75	1.3302
114	94	1.37586
114	97	1.44065
115	5	1.4672
115	7	1.41391
115	14	1.46824
115	20	1.50248
115	25	1.40653
115	27	1.40829
115	35	1.46577
115	37	1.2927
115	46	1.33278
115	65	1.17591
115	74	1.45417
115	77	1.40532
115	78	1.40947
115	84	1.33391
115	102	1.40295
115	112	1.47731
116	15	1.34047
116	29	0.000490687
116	31	1.45135
116	40	1.40317
116	48	1.39373
116	50	1.47778
116	57	1.46116
116	58	1.45677
116	66	1.46139
116	76	1.38959
116	81	1.3955
116	89	4.52524
116	92	1.40967
116	99	1.32557
116	118	1.33176
116	127	1.33533
117	13	1.49328
117	28	1.41315
117	34	1.41307
117	45	1.42652
117	47	1.42259
117	51	1.47748
117	55	1.4262
117	61	1.40148
117	68	1.39985
117	69	1.56125
117	70	1.47901
117	87	1.4061
117	91	0.464707
117	98	1.49084
117	107	1.55303
117	121	1.90775
118	2	1.38311
118	21	1.34933
118	31	1.42027
118	33	1.36631
118	50	1.44671
118	57	1.43008
118	58	1.42569
118	66	1.43031
118	92	1.3786
118	96	1.36971
118	104	1.43543
118	105	1.31147
118	113	1.77446
118	116	1.37416
118	123	1.29311
118	127	1.30425
119	3	1.41206
119	5	1.46525
119	14	1.46629
119	15	2.77913
119	25	1.40457
119	35	1.46381
119	37	1.29074
119	43	1.27959
119	59	1.11383
119	64	1.38576
119	77	1.40336
119	78	1.40751
119	84	1.33195
119	86	1.3904
119	89	1.34554
119	112	1.47535
120	1	1.44501
120	4	1.38972
120	17	1.37386
120	18	1.46991
120	23	1.3633
120	26	1.38151
120	29	1.54281
120	39	1.39104
120	44	1.45242
120	60	1.44349
120	63	1.37666
120	94	1.37315
120	96	1.9968
120	97	1.43794
120	110	1.42017
120	122	1.47254
121	5	1.46134
121	6	1.46245
121	7	1.40805
121	12	1.48048
121	14	1.46238
121	24	1.33332
121	35	1.4599
121	47	2.04916
121	64	1.38185
121	68	0.564649
121	74	1.4483
121	77	1.39946
121	78	1.4036
121	84	1.32804
121	89	1.34163
121	95	1.39939
122	8	1.49246
122	11	1.41267
122	18	1.5098
122	22	1.40977
122	26	1.42141
122	29	1.58271
122	39	1.43093
122	51	0.00340242
122	59	1.42338
122	75	1.36738
122	80	1.18074
122	94	1.41304
122	97	1.47783
122	101	1.45229
122	106	1.339
122	113	1.39757
123	15	1.30561
123	16	1.43189
123	24	2.90208
123	33	1.36252
123	40	1.36831
123	48	1.35886
123	49	1.42665
123	50	1.44292
123	53	1.36615
123	73	1.43199
123	76	1.35473
123	82	1.37129
123	92	1.37481
123	104	1.43164
123	108	1.45463
123	118	1.2969
124	28	1.41024
124	30	1.4796
124	38	1.35182
124	47	1.41969
124	51	1.47457
124	52	1.63254
124	61	1.39858
124	68	1.39694
124	70	1.4761
124	73	1.48346
124	83	1.35124
124	90	1.46828
124	98	1.48794
124	107	1.55012
124	111	2.40278
124	117	1.4718
125	11	1.02768
125	13	1.50803
125	28	1.4279
125	38	1.36947
125	41	1.4208
125	42	1.41372
125	47	1.43734
125	68	1.4146
125	79	1.06756
125	80	1.4195
125	83	1.3689
125	87	1.42085
125	100	1.49994
125	103	1.43181
125	124	1.48422
125	128	1.42041
126	5	1.5075
126	6	1.50861
126	7	1.45421
126	13	1.24691
126	14	1.50854
126	37	1.33299
126	67	1.32273
126	84	1.3742
126	86	1.43265
126	89	1.38779
126	95	1.44555
126	96	1.41362
126	102	1.44325
126	115	1.44004
126	119	1.45129
126	121	1.43453
127	15	1.31118
127	40	1.37388
127	58	1.42748
127	65	1.36708
127	66	1.4321
127	73	1.43757
127	74	0.937555
127	76	1.3603
127	81	1.36621
127	82	1.37686
127	91	1.35068
127	92	1.38039
127	104	1.43721
127	105	1.31326
127	108	1.46021
127	118	1.30247
128	13	1.45574
128	30	1.44496
128	32	1.39369
128	45	1.38898
128	47	1.38505
128	51	1.43994
128	70	1.44146
128	71	1.37622
128	72	1.35623
128	90	1.43365
128	92	2.62017
128	95	1.53019
128	98	1.4533
128	103	1.37952
128	107	1.51549
128	117	1.43716
