1	3	0.976625
1	6	1.14286
1	12	0.931555
1	20	1.05488
1	25	1.13676
1	30	0.995625
1	31	0.913605
1	33	1.08083
1	35	0.972935
1	50	1.0104
1	53	0.975946
1	57	0.988115
1	73	1.02397
1	104	0.923799
1	115	0.999781
1	125	0.939059
2	6	0.933863
2	30	0.997314
2	39	1.01941
2	62	0.905327
2	65	1.00834
2	71	0.950838
2	73	1.0048
2	75	0.953984
2	79	1.09261
2	80	1.00614
2	83	1.10572
2	87	0.886073
2	90	1.02746
2	93	1.11142
2	110	1.11706
2	127	0.854952
3	4	0.857579
3	12	1.09395
3	17	1.03424
3	22	1.09021
3	40	1.02384
3	44	1.06671
3	48	1.09045
3	55	0.933208
3	56	0.940267
3	64	1.07379
3	67	0.993682
3	78	0.952986
3	89	0.861602
3	104	0.948461
3	113	1.0721
3	114	1.10317
4	13	1.01998
4	45	0.838462
4	51	1.01028
4	62	1.05126
4	63	1.07118
4	70	1.06484
4	74	1.04014
4	82	1.22824
4	83	0.97324
4	91	0.931914
4	99	0.978013
4	118	0.99131
4	119	0.90203
4	120	1.054
4	126	1.05072
4	127	1.13577
5	3	1.01598
5	6	0.943035
5	7	0.960721
5	23	0.972075
5	58	0.947626
5	64	0.970441
5	66	1.03472
5	70	0.95534
5	74	1.01358
5	81	0.952494
5	92	0.990101
5	93	1.12059
5	100	0.997762
5	104	1.1158
5	114	0.893518
5	118	0.962609
6	11	0.92169
6	17	0.997374
6	24	1.11074
6	40	0.98697
6	46	0.905324
6	48	1.05358
6	51	0.921162
6	54	1.13999
6	55	0.971483
6	58	0.996031
6	68	1.04817
6	69	0.90266
6	97	1.02357
6	114	1.0663
6	115	1.01954
6	122	1.01758
7	8	1.0274
7	11	0.930533
7	18	0.925777
7	20	0.9939
7	22	1.13371
7	38	1.05118
7	51	1.10558
7	54	0.909481
7	63	1.0019
7	64	1.1173
7	67	1.03718
7	72	1.00061
7	73	0.971251
7	83	0.903964
7	85	0.979143
7	108	0.995387
8	4	0.868412
8	26	0.96652
8	30	1.00139
8	32	0.939942
8	37	0.959338
8	44	1.07631
8	55	0.944041
8	58	1.0425
8	66	0.956928
8	67	1.00452
8	77	1.0784
8	80	0.968147
8	84	0.956968
8	115	1.02239
8	124	1.01698
8	125	0.973317
9	1	1.07034
9	8	1.02571
9	39	0.948687
9	40	1.02899
9	41	1.00621
9	49	0.967468
9	50	1.04021
9	52	1.06905
9	54	1.08723
9	60	0.958116
9	72	1.03379
9	77	0.971524
9	86	0.961175
9	99	0.941918
9	113	0.860207
9	126	0.986937
10	8	0.997263
10	16	1.03772
10	20	0.998636
10	22	0.927534
10	34	0.996964
10	36	0.912454
10	40	1.03838
10	62	0.986722
10	71	1.17293
10	77	0.943078
10	81	0.914513
10	82	0.898563
10	87	1.06024
10	94	0.998168
10	108	0.98239
10	123	0.91175
11	8	0.998791
11	19	0.929035
11	27	1.03602
11	48	0.91599
11	52	0.906114
11	55	0.986591
11	60	0.931199
11	62	0.961788
11	78	0.931226
11	103	1.13398
11	106	0.982442
11	109	0.998195
11	113	1.05034
11	118	0.926156
11	123	1.17149
11	127	0.911412
12	19	0.927865
12	26	1.02207
12	27	0.995904
12	32	0.907415
12	35	1.05772
12	40	1.00091
12	53	0.998321
12	59	1.07005
12	61	0.947774
12	76	0.979236
12	99	0.91383
12	113	1.04917
12	116	0.918558
12	117	0.987521
12	118	1.10949
12	119	1.02021
13	10	0.929564
13	24	0.919485
13	38	1.05327
13	41	0.975118
13	43	0.931525
13	48	1.06451
13	49	0.936374
13	51	1.11738
13	70	1.17194
13	78	0.92705
13	81	1.1319
13	85	0.981231
13	108	1.00718
13	113	1.04617
13	118	1.09841
13	123	0.909102
14	2	0.985703
14	12	1.16933
14	18	0.925549
14	19	0.922542
14	30	0.963541
14	32	0.902093
14	38	1.05095
14	43	0.951605
14	45	0.965645
14	49	0.934057
14	57	1.04255
14	80	1.03269
14	84	0.919119
14	96	0.991442
14	101	1.08772
14	108	1.02727
15	1	0.923841
15	6	0.899429
15	7	0.917116
15	11	1.14576
15	17	1.00533
15	22	0.921909
15	31	1.1318
15	33	1.07658
15	37	0.920829
15	58	0.994316
15	73	0.970362
15	82	1.15807
15	87	0.937387
15	103	1.12883
15	116	0.912576
15	121	1.0294
16	9	1.02714
16	14	0.960577
16	23	1.02442
16	32	1.10216
16	36	0.846154
16	40	0.972079
16	73	1.01428
16	75	1.12564
16	79	0.953787
16	95	0.883847
16	100	1.00466
16	104	0.963467
16	106	1.01921
16	109	0.97691
16	111	0.928526
16	119	1.01934
17	2	1.02954
17	7	0.961614
17	8	1.03614
17	19	1.11063
17	23	1.02499
17	24	0.961006
17	37	0.965327
17	40	0.982398
17	44	0.895465
17	52	0.943459
17	81	0.953387
17	95	0.894165
17	106	1.01979
17	110	0.913326
17	112	1.01948
17	127	1.1101
18	2	1.03711
18	5	1.0459
18	6	0.904204
18	14	0.921433
18	15	1.14096
18	19	0.926657
18	46	1.05158
18	47	1.00382
18	48	0.916336
18	65	0.978679
18	71	0.92118
18	84	1.10043
18	86	0.967447
18	93	1.08176
18	100	1.04994
18	115	0.988652
19	2	0.988315
19	4	1.05894
19	21	1.01679
19	36	0.909392
19	39	0.988249
19	42	1.18835
19	60	1.18688
19	62	0.98437
19	63	1.00428
19	84	0.921731
19	102	0.990522
19	104	0.92282
19	105	0.935747
19	107	1.0572
19	120	1.03471
19	126	0.983826
20	38	0.868343
20	44	1.07665
20	46	0.861315
20	53	1.01054
20	54	1.09598
20	66	1.02997
20	69	0.949464
20	70	0.950583
20	81	0.947738
20	84	0.957308
20	86	0.969926
20	96	1.02963
20	97	0.979562
20	102	0.968812
20	107	1.03837
20	113	0.868957
21	1	0.961631
21	5	1.04149
21	7	0.954905
21	16	0.962618
21	35	1.00647
21	46	1.0846
21	51	0.966906
21	60	1.11484
21	69	0.948405
21	80	1.00949
21	96	1.02857
21	97	0.99616
21	99	1.08848
21	101	0.810384
21	124	0.94473
21	125	1.0641
22	10	0.929873
22	11	0.93293
22	18	0.928174
22	26	1.0202
22	33	1.07986
22	48	1.06482
22	55	0.997722
22	61	0.945907
22	66	1.01061
22	70	1.18115
22	95	1.09757
22	102	0.990535
22	111	0.887893
22	119	1.01835
22	123	0.909411
22	126	0.983839
23	7	0.949146
23	14	0.948689
23	27	0.97333
23	28	1.02022
23	39	1.01701
23	51	0.961147
23	61	1.10709
23	63	0.955072
23	68	0.85242
23	75	0.951581
23	80	1.00373
23	90	1.02123
23	100	0.986903
23	101	1.11909
23	105	1.08524
23	117	1.01357
24	4	1.05625
24	5	1.00428
24	6	1.13669
24	7	0.917701
24	13	0.921876
24	16	1.00541
24	18	0.925474
24	25	1.13058
24	32	0.902018
24	52	1.09587
24	59	1.06465
24	76	0.983848
24	90	1.00208
24	106	1.00408
24	111	1.09361
24	123	0.90671
25	13	0.910267
25	34	0.980314
25	39	0.998393
25	46	0.902271
25	57	0.972839
25	67	0.990262
25	73	1.04067
25	74	0.958951
25	78	1.14191
25	88	1.04277
25	92	0.972901
25	95	1.08326
25	101	1.07604
25	102	1.00977
25	110	1.07161
25	121	0.992288
26	13	1.06981
26	36	1.11579
26	50	1.03504
26	57	0.965192
26	60	0.952937
26	61	0.879415
26	64	1.07182
26	70	1.11466
26	71	0.945296
26	72	1.02861
26	92	1.01282
26	93	0.891279
26	101	1.11595
26	102	1.01614
26	105	0.961366
26	106	1.00418
27	1	0.961639
27	34	1.02914
27	41	0.943987
27	45	1.09893
27	50	0.946353
27	59	0.886293
27	63	0.959587
27	64	0.964633
27	71	0.954203
27	73	1.00816
27	83	1.104
27	88	1.00548
27	96	0.986701
27	103	1.0758
27	116	0.950374
27	122	1.01631
28	6	1.09542
28	19	0.95894
28	27	1.02698
28	40	1.03198
28	61	1.11211
28	71	0.953462
28	73	0.976523
28	76	0.942585
28	78	1.07776
28	80	1.00876
28	93	1.11404
28	99	0.944905
28	111	1.05235
28	113	0.845762
28	122	0.95038
28	123	0.943183
29	20	1.06408
29	32	0.897658
29	38	0.901783
29	40	0.99115
29	45	1.05735
29	52	1.11124
29	59	1.0603
29	81	0.905114
29	85	0.97448
29	88	1.03525
29	94	0.994769
29	96	0.987007
29	103	0.915311
29	116	1.12472
29	121	0.999538
29	126	1.02913
30	20	1.00034
30	24	1.03644
30	37	1.10684
30	52	1.04751
30	57	1.0081
30	58	1.02822
30	59	1.08831
30	64	0.951074
30	85	1.00249
30	88	0.97152
30	90	1.02573
30	107	1.02376
30	108	1.001
30	113	0.838663
30	117	0.969138
30	119	0.999662
31	10	0.923595
31	11	1.14392
31	12	0.924311
31	13	0.918299
31	16	1.00184
31	18	1.14461
31	47	0.996052
31	59	0.937492
31	60	0.921053
31	62	0.954806
31	68	0.908133
31	82	1.15508
31	90	1.07694
31	97	0.955378
31	112	0.988046
31	115	0.980884
32	8	0.984685
32	10	1.1706
32	22	0.914957
32	36	0.910319
32	45	1.05418
32	50	0.999192
32	66	0.984166
32	74	0.977672
32	85	1.02879
32	91	0.987839
32	92	0.976972
32	110	0.967173
32	112	1.07332
32	117	0.974586
32	121	0.99636
32	127	1.05865
33	7	0.997735
33	10	1.06436
33	14	0.997278
33	17	0.950941
33	20	1.07363
33	21	0.91148
33	35	1.0493
33	36	0.804078
33	47	0.899761
33	54	0.989212
33	60	1.08157
33	73	1.05098
33	98	0.98105
33	104	1.00017
33	107	0.951888
33	114	1.15488
34	7	1.05413
34	10	0.964038
34	14	1.11789
34	16	1.04228
34	18	0.96234
34	26	0.961628
34	31	0.946805
34	36	1.12435
34	56	0.948805
34	66	0.952036
34	89	0.867543
34	95	1.13173
34	105	0.969926
34	117	1.01899
34	119	0.959774
34	122	1.01596
35	3	0.977247
35	4	0.872485
35	24	0.943296
35	26	0.970593
35	27	1.01671
35	29	0.934577
35	38	1.07708
35	55	0.948115
35	61	0.896299
35	68	1.08291
35	86	0.98946
35	91	0.998623
35	102	1.01404
35	117	1.00833
35	126	1.00734
35	127	1.09239
36	15	1.00112
36	17	0.929178
36	19	1.03647
36	29	0.993571
36	35	1.05447
36	39	1.07076
36	42	1.06128
36	54	0.994375
36	55	1.06522
36	57	1.06964
36	78	1.00986
36	82	0.768424
36	95	0.820007
36	99	1.03343
36	116	0.998358
36	128	1.07715
37	1	1.13236
37	3	0.975118
37	10	0.929333
37	21	0.995497
37	28	1.03933
37	38	0.92161
37	39	1.0107
37	42	0.907496
37	45	1.06387
37	46	0.914582
37	65	0.976649
37	67	1.00403
37	77	0.940199
37	96	0.993527
37	107	1.00226
37	111	1.12881
38	9	0.932343
38	15	0.982816
38	29	1.01635
38	32	0.96891
38	53	1.03917
38	56	1.05409
38	57	1.05134
38	68	1.1236
38	73	0.91859
38	82	1.22555
38	95	1.16176
38	106	0.904887
38	111	0.994416
38	119	1.0429
38	122	0.892447
38	124	1.04595
39	2	1.01883
39	3	1.00616
39	6	1.08354
39	13	0.95508
39	21	1.02654
39	24	1.03166
39	28	0.950986
39	51	0.962905
39	76	0.930706
39	78	1.06588
39	91	1.02858
39	93	1.11077
39	98	1.0361
39	99	0.941636
39	103	0.952874
39	128	0.964158
40	3	1.01283
40	5	1.04415
40	29	0.948244
40	31	0.949809
40	33	0.887837
40	36	0.84431
40	43	1.11472
40	66	1.03157
40	71	1.10479
40	83	0.94353
40	91	1.03525
40	94	0.930024
40	95	0.882003
40	112	1.00732
40	122	1.01896
40	128	1.13914
41	2	0.961283
41	8	1.0208
41	15	1.06514
41	17	1.03449
41	27	0.960548
41	39	1.01414
41	43	1.10343
41	49	1.08739
41	51	0.958275
41	62	0.886311
41	68	0.839639
41	72	1.02888
41	75	0.94871
41	91	1.02395
41	102	1.01641
41	104	1.09215
42	16	1.04706
42	40	1.04772
42	46	1.04151
42	47	1.01748
42	52	0.893667
42	61	1.06976
42	64	0.921541
42	68	1.05083
42	69	0.905321
42	71	1.18228
42	74	0.989148
42	91	0.989498
42	101	0.894824
42	111	0.879313
42	113	1.0379
42	115	0.978583
43	2	1.06451
43	7	1.00571
43	8	0.941422
43	25	0.972754
43	29	0.987254
43	30	1.04235
43	32	0.980897
43	41	1.05161
43	47	1.07851
43	57	0.92469
43	61	0.838913
43	80	0.914834
43	81	1.03412
43	83	0.982539
43	119	0.911353
43	126	1.06002
44	9	1.04983
44	16	0.920157
44	19	1.04905
44	26	1.04079
44	34	1.05795
44	65	0.934693
44	74	0.862247
44	82	0.781004
44	87	1.12122
44	94	0.880608
44	107	0.942704
44	108	1.04338
44	117	1.04815
44	123	0.972736
44	124	0.902269
44	126	1.04716
45	3	0.926881
45	4	0.822119
45	14	1.07649
45	43	0.840765
45	54	0.981488
45	69	1.06642
45	74	1.04287
45	80	0.921854
45	85	1.05115
45	93	0.857797
45	95	1.16718
45	98	0.973325
45	107	1.07241
45	120	1.05673
45	127	1.13849
45	128	1.00326
46	4	1.1214
46	21	1.05849
46	25	1.02787
46	31	0.975088
46	37	1.05249
46	38	0.783701
46	41	1.03788
46	55	1.04517
46	67	1.06702
46	76	0.881138
46	78	1.01631
46	86	0.885284
46	87	1.12035
46	88	0.917172
46	110	1.14836
46	124	1.04421
47	43	1.11492
47	54	0.949247
47	56	0.952008
47	60	1.1094
47	63	1.04167
47	66	1.03177
47	75	1.11139
47	84	0.959113
47	94	0.917622
47	99	1.08303
47	100	1.00139
47	107	0.979717
47	108	1.01742
47	110	0.888761
47	118	0.959657
47	122	1.01916
48	2	0.919302
48	13	0.994389
48	26	1.04727
48	44	1.1109
48	58	0.882004
48	59	0.827016
48	61	1.14815
48	75	0.992648
48	79	1.03161
48	89	1.12057
48	100	0.932141
48	104	1.05017
48	105	1.03048
48	106	1.04839
48	112	1.06414
48	122	1.05161
49	9	0.992253
49	10	0.935617
49	23	1.02989
49	25	0.902319
49	27	1.04201
49	31	1.14292
49	42	0.91378
49	50	1.01052
49	52	0.90799
49	54	0.917622
49	87	0.948515
49	93	1.08601
49	100	1.05558
49	112	1.00007
49	118	0.928032
49	125	0.943837
50	5	0.974203
50	10	0.970739
50	11	1.07955
50	12	0.971454
50	41	0.930811
50	42	0.948902
50	47	1.0432
50	60	0.968197
50	65	1.01805
50	71	0.960556
50	80	1.01585
50	92	0.970581
50	102	1.0314
50	103	1.06262
50	105	1.07658
50	119	1.01957
51	3	1.01279
51	7	1.09864
51	12	1.14439
51	27	0.99681
51	28	0.995075
51	29	0.914678
51	35	1.04178
51	40	1.00181
51	47	1.00593
51	64	1.12424
51	65	0.980793
51	75	0.92644
51	76	0.980143
51	93	0.943705
51	125	0.941696
51	126	0.987443
52	14	0.90847
52	22	0.913721
52	23	0.972308
52	24	1.09033
52	29	1.12108
52	41	0.963953
52	47	0.990856
52	53	0.963506
52	61	1.06687
52	86	0.993526
52	89	1.03928
52	97	1.00316
52	98	1.09478
52	114	1.06607
52	120	0.975646
52	122	0.997175
53	1	0.952879
53	12	1.07807
53	20	1.02205
53	28	1.01722
53	61	0.865514
53	70	1.10076
53	77	1.05169
53	79	0.938906
53	81	1.06072
53	87	1.08365
53	89	0.845723
53	91	0.967838
53	96	1.01982
53	97	0.987408
53	102	1.01629
53	121	1.03235
54	4	1.0523
54	5	1.00032
54	14	0.913285
54	22	0.918536
54	40	0.991552
54	58	1.00061
54	76	0.99847
54	94	0.99517
54	100	0.957366
54	102	1.0015
54	106	1.01871
54	109	0.98767
54	116	1.12397
54	122	1.00627
54	126	1.02838
54	128	0.926996
55	7	1.0356
55	14	1.09936
55	17	1.03642
55	18	0.955977
55	34	0.958877
55	59	1.09516
55	60	0.955134
55	69	1.0893
55	78	0.955162
55	84	0.949547
55	91	0.971133
55	107	1.03061
55	108	0.939301
55	114	1.10535
55	122	1.0096
55	126	1.01164
56	4	1.05368
56	12	0.925311
56	15	0.913346
56	16	1.00284
56	32	0.899441
56	44	1.03581
56	46	0.913625
56	54	1.14829
56	60	0.922053
56	67	0.999294
56	72	0.997728
56	87	1.05262
56	88	1.05412
56	97	1.03187
56	113	0.921267
56	115	1.02784
57	2	1.0198
57	5	1.03846
57	8	0.986164
57	12	1.09621
57	13	1.07405
57	26	0.957949
57	30	0.997643
57	32	0.936195
57	35	0.993597
57	67	0.995944
57	86	0.997434
57	92	1.01869
57	93	0.895519
57	94	1.03331
57	102	1.02201
57	120	1.0186
58	5	0.967941
58	11	1.07329
58	39	1.0306
58	69	0.956236
58	70	0.957355
58	71	0.962026
58	74	1.0156
58	79	1.07145
58	90	1.0063
58	96	0.967263
58	99	0.953468
58	105	1.07032
58	108	1.02239
58	109	1.03666
58	114	0.867736
58	128	0.97599
59	3	1.04674
59	5	0.942343
59	31	1.03373
59	42	0.979116
59	43	1.14863
59	44	1.11217
59	63	0.914552
59	65	1.04827
59	68	0.811899
59	70	0.9861
59	75	0.993916
59	76	1.04762
59	84	0.996865
59	96	0.941665
59	113	1.11756
59	127	0.808197
60	3	0.976727
60	17	1.06792
60	29	0.912143
60	34	0.995693
60	43	1.07862
60	51	0.93347
60	55	0.983791
60	82	0.907168
60	91	0.999145
60	101	0.894087
60	103	0.923439
60	107	1.06887
60	109	1.05181
60	111	0.888961
60	112	1.08406
60	114	1.07861
61	9	1.06308
61	10	1.00645
61	34	0.931565
61	42	0.984609
61	43	0.836329
61	49	1.01326
61	52	0.978819
61	57	0.927274
61	58	1.08384
61	69	1.06199
61	73	1.05022
61	81	1.0367
61	85	1.05811
61	88	1.04754
61	89	0.821706
61	93	0.853361
62	1	0.95825
62	4	1.09008
62	15	1.04382
62	18	1.0548
62	38	1.0847
62	40	1.02933
62	52	0.933369
62	71	0.950813
62	83	1.06538
62	92	0.945144
62	103	1.03718
62	105	1.05114
62	115	1.01828
62	118	0.953411
62	123	1.07469
62	125	0.969216
63	11	1.08293
63	14	0.96046
63	18	1.08362
63	25	0.937091
63	26	1.01798
63	27	0.968046
63	31	1.06896
63	49	1.09489
63	56	0.955155
63	64	0.970636
63	77	0.981255
63	88	1.01148
63	114	0.877375
63	119	1.01922
63	124	1.02228
63	127	0.843433
64	8	1.04021
64	22	1.14652
64	36	1.09265
64	41	0.97789
64	45	0.946569
64	49	0.939146
64	53	0.988245
64	59	1.06982
64	63	1.00676
64	79	0.915617
64	81	1.1329
64	84	0.924207
64	89	0.917907
64	94	1.00429
64	103	0.924833
64	111	0.890356
65	4	1.08484
65	6	0.928595
65	17	0.999247
65	19	1.10654
65	30	0.992047
65	47	0.948067
65	55	1.0086
65	56	0.94052
65	59	1.09324
65	60	1.12987
65	89	1.07664
65	90	1.03066
65	92	1.01309
65	100	0.989905
65	120	0.977705
65	124	0.959759
66	2	1.02388
66	5	1.04253
66	14	1.10302
66	16	1.04366
66	22	1.08129
66	23	1.01933
66	24	0.955341
66	28	1.02702
66	32	0.940266
66	35	0.982412
66	42	0.943583
66	43	0.867303
66	67	0.98476
66	72	1.03855
66	80	0.948392
66	119	0.944911
67	4	0.87435
67	5	1.04631
67	11	0.972261
67	16	1.04745
67	34	0.988232
67	35	1.00811
67	42	0.947367
67	52	0.941577
67	53	0.948711
67	62	1.02371
67	68	1.09874
67	93	0.910029
67	105	0.975092
67	108	0.968656
67	109	1.03366
67	128	0.972985
68	15	1.02272
68	18	1.0337
68	20	1.0634
68	27	0.91813
68	30	1.03327
68	49	1.04497
68	50	0.886638
68	55	1.04983
68	74	1.04037
68	80	1.0421
68	89	1.11787
68	90	0.966026
68	112	1.06143
68	121	0.916649
68	124	1.04887
68	125	1.0052
69	2	0.982681
69	3	1.03269
69	9	0.980862
69	15	0.912977
69	20	0.99065
69	34	1.04181
69	35	1.06168
69	36	1.08454
69	48	1.05917
69	55	1.00356
69	77	1.13792
69	78	0.921712
69	91	1.05407
69	94	0.996182
69	97	0.956008
69	116	0.910214
70	4	0.935306
70	6	0.897627
70	17	1.00353
70	31	0.907552
70	36	1.0851
70	38	1.04849
70	53	1.00967
70	60	0.922244
70	61	0.95912
70	66	1.02382
70	74	0.968173
70	80	1.03504
70	98	0.898628
70	99	0.906045
70	108	1.02961
70	110	1.08083
71	17	1.05942
71	25	0.893822
71	27	0.990454
71	47	1.00824
71	48	1.06207
71	74	0.979908
71	76	0.973787
71	85	1.03103
71	88	0.968213
71	92	0.984458
71	95	0.950247
71	98	0.900963
71	103	0.919618
71	114	1.07479
71	119	0.975956
71	124	1.01993
72	10	1.10748
72	17	0.994068
72	18	0.967726
72	21	0.954606
72	34	1.03418
72	43	1.1171
72	47	0.942887
72	54	0.95143
72	56	0.954191
72	75	1.12669
72	76	1.01609
72	92	1.02676
72	97	1.00121
72	101	0.820233
72	109	0.977961
72	111	0.927445
73	5	1.03135
73	10	0.954241
73	15	0.942992
73	33	1.10423
73	38	0.852695
73	54	1.08033
73	66	1.01877
73	78	1.08531
73	79	0.937522
73	80	0.999357
73	102	0.953165
73	107	1.02717
73	110	1.11028
73	117	0.983785
73	122	0.957927
73	126	0.98004
74	10	1.078
74	32	1.07373
74	42	1.09669
74	45	1.08726
74	63	1.02714
74	72	0.949396
74	73	0.996494
74	88	0.993811
74	91	1.02092
74	92	1.01006
74	96	1.01691
74	103	0.945217
74	104	0.945679
74	113	1.06932
74	125	1.04447
74	128	1.11256
75	13	0.923397
75	21	1.02946
75	25	0.895395
75	32	1.17807
75	33	0.965586
75	44	0.961051
75	58	1.00609
75	64	0.928941
75	68	1.05823
75	72	1.05373
75	73	0.972468
75	77	0.93956
75	93	1.07909
75	94	1.00777
75	98	0.902536
75	105	0.934581
76	1	1.04773
76	3	1.00061
76	6	1.08726
76	14	0.944899
76	56	1.10386
76	70	0.939975
76	81	0.937129
76	82	1.18631
76	86	0.938564
76	89	1.07571
76	90	1.02974
76	97	0.948201
76	103	0.947326
76	106	0.954654
76	109	1.01928
76	127	1.09384
77	1	0.934899
77	7	1.10138
77	28	0.999244
77	29	0.918847
77	37	0.931886
77	43	0.929418
77	47	1.0101
77	50	1.0172
77	51	1.11527
77	53	0.985133
77	62	0.992155
77	64	1.12699
77	81	1.12979
77	83	0.914132
77	86	0.973729
77	97	0.969428
78	4	1.06004
78	12	0.931671
78	15	0.919706
78	25	1.14769
78	26	0.978543
78	38	0.903521
78	41	0.976509
78	42	0.909118
78	46	0.896493
78	51	0.933484
78	52	1.11298
78	56	1.1704
78	83	0.907442
78	93	1.08135
78	98	1.10635
78	112	0.995405
79	9	0.980489
79	15	1.1397
79	25	0.890554
79	26	0.97144
79	34	0.988604
79	43	1.07153
79	46	1.04407
79	50	1.00362
79	58	0.998546
79	67	0.998551
79	71	0.91367
79	92	1.04102
79	104	1.16671
79	106	0.972553
79	111	0.881872
79	127	0.910496
80	13	1.06917
80	16	1.03348
80	23	1.00914
80	35	0.988721
80	43	0.873612
80	46	1.07545
80	54	0.937239
80	55	0.930595
80	63	1.02966
80	69	1.09927
80	77	1.06496
80	103	0.947731
80	112	1.01968
80	119	0.95122
80	120	1.01248
80	121	1.03196
81	3	1.02005
81	38	1.04707
81	54	0.905368
81	56	0.908129
81	66	1.0038
81	67	1.05139
81	70	1.17435
81	72	0.996495
81	89	0.919308
81	95	1.09106
81	100	0.957514
81	107	0.996295
81	118	1.10082
81	124	0.975249
81	125	0.931583
81	128	0.927144
82	11	1.05641
82	19	1.02341
82	25	1.02005
82	30	1.08964
82	33	0.812782
82	41	1.0989
82	62	1.10786
82	65	0.909054
82	72	0.900925
82	74	0.836608
82	95	0.806947
82	110	0.826109
82	117	1.1083
82	118	1.04576
82	120	0.894576
82	123	1.03289
83	4	1.04954
83	19	0.91575
83	26	0.968044
83	28	0.982055
83	41	1.0078
83	48	0.921626
83	50	1.01017
83	58	1.0051
83	69	0.904483
83	78	0.917942
83	93	1.07085
83	95	1.08815
83	96	1.05052
83	104	1.17327
83	109	0.984911
83	120	0.977703
84	5	1.02015
84	29	0.909349
84	31	1.11153
84	37	0.922389
84	49	1.13746
84	76	0.974814
84	77	0.939014
84	80	0.973263
84	83	1.13676
84	94	1.0001
84	100	1.02419
84	101	1.08862
84	102	0.98881
84	104	1.14222
84	108	0.978325
84	112	0.992598
85	1	0.954782
85	16	0.967571
85	30	0.993822
85	35	0.999624
85	42	1.12127
85	46	1.07775
85	47	0.937991
85	70	0.942675
85	77	0.968394
85	80	1.00264
85	86	0.993612
85	87	1.08555
85	89	1.07841
85	94	0.928023
85	109	0.973065
85	125	1.06905
86	1	1.04947
86	9	0.983846
86	11	0.952824
86	15	0.938518
86	21	1.01593
86	24	1.03711
86	25	1.08289
86	36	1.11008
86	48	1.08471
86	61	1.09823
86	71	0.939585
86	102	0.939187
86	110	1.10581
86	116	1.06165
86	121	1.02649
86	124	1.00165
87	2	0.932574
87	9	1.05286
87	43	1.1439
87	48	0.811804
87	53	1.04133
87	68	0.810929
87	81	0.978526
87	83	1.05799
87	84	0.995895
87	94	1.06818
87	96	0.940695
87	99	0.977485
87	109	1.06068
87	114	0.841168
87	117	1.05118
87	124	1.04811
88	12	0.953407
88	19	0.947986
88	28	0.971766
88	31	0.935458
88	33	1.10268
88	38	0.854048
88	39	0.943143
88	48	1.08764
88	49	0.959501
88	59	1.09017
88	62	1.0072
88	101	1.11317
88	106	0.971721
88	111	1.06125
88	117	0.985137
88	121	1.02942
89	4	0.807787
89	21	1.05882
89	22	1.04042
89	26	0.905895
89	33	1.14264
89	42	0.970818
89	51	1.01229
89	65	1.03997
89	69	1.05209
89	73	1.03643
89	77	1.01778
89	78	0.99014
89	87	1.12068
89	98	0.966497
89	106	1.04136
89	108	0.902094
90	2	1.00318
90	9	1.02636
90	23	0.99033
90	47	1.04218
90	48	0.882409
90	51	0.972256
90	52	0.942101
90	56	0.954494
90	59	0.910892
90	60	0.967185
90	87	0.908952
90	89	1.09061
90	91	1.03793
90	100	1.01602
90	116	0.955715
90	126	1.02369
91	1	0.96398
91	8	0.994566
91	11	0.969783
91	15	0.955477
91	23	1.02064
91	34	0.982125
91	38	1.09043
91	45	0.900929
91	51	1.07274
91	55	0.943872
91	57	0.977834
91	83	0.943213
91	85	1.01839
91	113	1.08333
91	118	1.05378
91	128	0.970507
92	5	0.990606
92	20	1.02763
92	24	0.951122
92	33	1.11119
92	36	1.12152
92	53	1.00631
92	57	1.01848
92	58	0.944509
92	62	0.906835
92	63	0.962815
92	79	1.09412
92	84	1.04513
92	115	1.01849
92	116	0.94719
92	118	0.953617
92	121	0.979591
93	3	0.928377
93	6	0.980251
93	12	1.05998
93	13	1.03782
93	19	1.0027
93	45	0.856301
93	49	1.01422
93	53	0.897976
93	79	0.99069
93	82	1.23889
93	89	0.827638
93	91	0.949753
93	104	1.00037
93	107	1.08034
93	111	0.965429
93	112	1.07186
94	19	1.08129
94	21	0.934541
94	27	1.03018
94	29	0.948045
94	32	1.08315
94	60	1.10463
94	66	1.03138
94	68	1.09638
94	81	0.949145
94	85	0.945615
94	97	0.998626
94	98	0.940686
94	105	0.972731
94	121	1.04357
94	122	1.01876
94	125	1.05388
95	9	1.0727
95	15	1.00481
95	27	1.07939
95	52	0.988433
95	69	1.00009
95	74	0.868514
95	75	1.08065
95	79	0.99934
95	82	0.787271
95	85	0.919636
95	97	1.04784
95	98	0.989902
95	107	0.94897
95	111	0.974079
95	112	0.964166
95	125	1.0279
96	16	1.04217
96	19	0.959222
96	22	0.959249
96	45	1.09847
96	57	1.0212
96	64	0.964175
96	65	1.01124
96	66	1.02846
96	68	0.862661
96	84	1.04763
96	92	0.989482
96	103	1.08152
96	112	1.02838
96	114	0.8929
96	123	1.11903
96	126	1.01789
97	5	1.02494
97	9	0.988346
97	30	0.946253
97	39	0.932313
97	44	1.05905
97	54	1.07085
97	56	1.11009
97	57	1.00511
97	59	1.08532
97	95	1.11553
97	101	1.10831
97	105	0.953722
97	108	0.998012
97	113	0.843832
97	120	1.00508
97	128	0.951616
98	22	0.914455
98	29	1.11777
98	37	1.15742
98	47	0.99159
98	64	0.919381
98	66	0.983665
98	76	0.986068
98	82	1.15062
98	83	0.895621
98	87	1.04716
98	88	1.0221
98	96	0.983328
98	111	1.09583
98	115	0.995822
98	119	0.967969
98	128	0.922915
99	1	0.920096
99	10	1.16815
99	20	0.989266
99	21	1.01528
99	23	0.976751
99	24	0.912763
99	26	0.97043
99	37	0.917083
99	44	0.946867
99	49	0.929652
99	61	1.07131
99	71	1.16836
99	86	0.958926
99	109	1.03863
99	124	1.01525
99	127	1.06185
100	1	0.946703
100	18	1.10071
100	23	0.973022
100	33	1.09944
100	37	0.943691
100	40	1.01779
100	48	0.8651
100	59	0.893584
100	61	1.09792
100	62	0.910898
100	67	1.02415
100	75	0.942412
100	76	0.996115
100	96	0.993992
100	101	1.10993
100	110	1.10549
101	6	0.994272
101	22	1.01675
101	24	1.01135
101	31	1.0042
101	33	0.800809
101	42	1.03624
101	65	0.897081
101	71	1.01776
101	75	1.03677
101	85	0.875758
101	86	1.05752
101	99	1.0084
101	119	1.07027
101	122	1.07335
101	123	1.00097
101	128	1.05211
102	18	0.961733
102	20	0.998443
102	21	1.0296
102	31	0.946198
102	39	0.925246
102	72	1.03656
102	73	0.967527
102	88	0.969622
102	90	1.03834
102	98	1.03898
102	100	0.997583
102	116	1.05909
102	117	0.96724
102	120	1.02068
102	127	1.10244
102	128	0.967213
103	2	1.0283
103	11	1.14244
103	21	0.994625
103	23	1.01545
103	24	0.918382
103	35	0.970557
103	36	1.08878
103	37	0.922702
103	70	0.913607
103	88	0.969553
103	110	1.0845
103	117	0.983412
103	120	0.985708
103	121	1.02608
103	123	1.16302
103	127	0.902949
104	2	1.04512
104	6	0.901534
104	7	0.91922
104	28	0.990291
104	31	1.1453
104	41	1.01053
104	53	0.973799
104	57	0.985968
104	59	0.952836
104	60	0.92615
104	75	0.921655
104	87	0.950896
104	95	1.09639
104	106	0.977393
104	114	0.953717
104	119	0.977528
105	13	0.92986
105	23	1.02243
105	25	0.901858
105	38	1.05886
105	41	1.00068
105	49	1.16138
105	52	0.907529
105	57	0.992432
105	59	0.942989
105	72	1.00829
105	75	0.928119
105	78	0.932642
105	83	1.16069
105	94	1.00711
105	123	1.17
105	125	0.943376
106	8	1.02205
106	9	0.990547
106	13	0.951699
106	17	1.03574
106	20	1.00771
106	28	0.963136
106	36	1.11731
106	50	1.03655
106	67	1.03169
106	73	0.976794
106	77	0.967861
106	78	1.07803
106	84	0.948867
106	97	0.956638
106	104	0.949956
106	116	1.06835
107	6	0.941911
107	18	0.967371
107	27	1.0324
107	32	1.11166
107	33	0.899175
107	35	1.01117
107	37	0.963311
107	47	0.95133
107	65	0.995446
107	79	0.952351
107	83	0.945557
107	88	1.01016
107	91	1.03727
107	110	0.912501
107	112	1.01865
107	124	0.963022
108	14	1.10821
108	34	0.967728
108	44	1.06789
108	45	0.886532
108	46	1.07689
108	57	0.963437
108	58	1.03407
108	63	1.0311
108	66	0.942362
108	72	1.02981
108	76	1.00334
108	77	1.06384
108	79	0.939954
108	92	1.01401
108	105	0.962561
108	124	1.00856
109	12	0.96463
109	23	1.01782
109	36	0.848461
109	40	0.974386
109	41	1.00947
109	46	1.08413
109	65	0.98826
109	69	0.947941
109	78	0.9614
109	94	0.934175
109	106	1.01261
109	115	1.0212
109	118	0.95633
109	120	0.973781
109	122	1.01583
109	128	1.14329
110	7	1.00076
110	16	0.936004
110	24	1.00015
110	44	0.849734
110	49	1.01704
110	53	1.05534
110	63	1.08466
110	65	0.950541
110	70	0.99538
110	72	0.942412
110	82	0.796851
110	100	1.04438
110	106	1.05893
110	109	0.941498
110	118	1.00265
110	120	0.936062
111	1	1.10157
111	3	0.957008
111	25	1.13498
111	30	0.99385
111	34	0.975973
111	41	0.956776
111	56	1.15769
111	67	0.985921
111	70	0.896368
111	82	1.1427
111	90	0.98613
111	98	1.09365
111	101	1.0717
111	113	0.89143
111	114	1.05889
111	121	0.987947
112	14	0.954529
112	28	1.02606
112	29	0.945661
112	32	1.11979
112	40	0.989711
112	44	0.902778
112	50	1.04402
112	65	1.00358
112	67	1.03916
112	69	0.948486
112	74	0.931138
112	82	0.849895
112	88	1.00555
112	90	1.03937
112	101	0.836814
112	116	0.950447
113	6	1.0378
113	8	1.05556
113	9	0.93265
113	16	1.06876
113	23	1.04442
113	37	1.05631
113	44	1.10173
113	61	1.13898
113	62	1.04502
113	89	1.1114
113	106	0.905194
113	107	1.06345
113	115	0.894713
113	116	1.01046
113	122	0.892754
113	125	0.998733
114	5	0.942784
114	8	1.0711
114	13	1.00075
114	14	0.996118
114	23	0.921136
114	39	1.06444
114	44	1.11726
114	48	0.813214
114	50	0.901758
114	75	0.99901
114	76	1.05271
114	92	0.939161
114	109	1.0705
114	121	0.931768
114	123	1.06871
114	125	1.01427
115	9	0.987006
115	22	0.955448
115	28	0.959596
115	30	0.944913
115	37	1.11067
115	50	1.03968
115	58	1.03752
115	70	0.945272
115	74	1.00351
115	85	1.01179
115	92	1.01746
115	108	1.0103
115	110	1.11617
115	112	1.02458
115	117	0.972967
115	126	0.969223
116	8	0.990257
116	11	0.928263
116	20	1.06097
116	21	0.991371
116	26	0.972794
116	29	1.12782
116	30	1.00172
116	37	1.16747
116	48	1.06015
116	55	0.978056
116	64	0.925454
116	76	0.99612
116	101	1.08568
116	102	0.999152
116	108	0.975384
116	118	0.917622
117	13	0.954071
117	24	1.05162
117	28	0.970946
117	39	0.942323
117	45	1.09391
117	52	1.06268
117	68	1.0889
117	79	0.942648
117	83	0.935854
117	87	1.08739
117	100	0.993518
117	104	0.952327
117	115	0.960419
117	120	1.01661
117	123	0.938905
117	126	0.980573
118	2	0.986875
118	7	1.08915
118	8	1.02487
118	10	0.92842
118	17	1.00716
118	19	0.923714
118	22	1.13118
118	24	0.91834
118	25	0.895122
118	31	0.911186
118	34	1.01242
118	64	1.11476
118	65	0.975736
118	67	1.03465
118	107	1.00135
118	113	1.04502
119	13	1.06895
119	14	1.10911
119	20	1.02248
119	27	1.01939
119	33	1.10604
119	39	1.01444
119	45	0.887431
119	50	1.03561
119	58	1.03345
119	62	1.01056
119	69	1.09905
119	84	0.947925
119	93	0.890424
119	103	0.948551
119	105	0.961941
119	118	1.04028
120	12	0.962049
120	20	1.02776
120	21	0.951649
120	22	0.956655
120	28	1.02293
120	33	0.887775
120	34	1.02609
120	49	0.968143
120	68	1.09087
120	71	1.10473
120	75	1.12373
120	97	0.993116
120	101	0.817276
120	102	1.022
120	109	0.975004
120	125	1.07099
121	18	1.09234
121	28	1.03291
121	37	0.965555
121	45	1.10585
121	50	0.945273
121	53	1.01642
121	55	1.02416
121	63	0.958507
121	79	1.08981
121	81	0.953615
121	84	1.04082
121	85	1.02298
121	90	1.02466
121	98	0.945156
121	99	0.952573
121	127	0.852152
122	1	1.05157
122	7	0.948023
122	29	1.06996
122	30	0.943856
122	42	0.935658
122	56	1.1077
122	62	1.01201
122	69	0.941522
122	74	1.00088
122	86	0.942404
122	90	1.0324
122	96	1.02169
122	109	1.02195
122	114	1.10516
122	117	0.97191
122	123	0.937033
123	9	0.978617
123	25	0.888683
123	41	1.01246
123	46	1.0422
123	51	0.92451
123	63	1.02806
123	66	0.986513
123	68	0.925405
123	77	0.932847
123	79	1.15936
123	82	1.15346
123	86	0.958066
123	87	0.952823
123	88	0.963073
123	114	0.955645
123	116	0.907969
124	3	1.00325
124	12	0.958177
124	17	0.98388
124	27	1.02079
124	33	0.880544
124	39	1.01585
124	42	1.11598
124	72	0.968687
124	85	0.955492
124	98	0.931304
124	99	1.08814
124	103	0.949959
124	105	0.963349
124	115	1.01475
124	121	1.03419
124	127	1.09647
125	10	1.15596
125	15	0.925073
125	16	1.02095
125	45	1.07086
125	51	0.938851
125	56	0.921088
125	77	0.947188
125	79	0.919603
125	99	1.1468
125	100	0.970473
125	104	0.929282
125	110	0.952538
125	115	0.993611
125	116	0.92231
125	124	1.00306
125	128	1.19052
126	11	0.962616
126	17	1.0383
126	21	1.02572
126	29	1.07949
126	31	0.942325
126	35	1.00166
126	46	0.843327
126	58	1.03696
126	63	1.03398
126	84	0.95143
126	86	0.951938
126	91	1.02776
126	97	0.961575
126	98	1.05319
126	115	0.957546
126	117	0.981444
127	15	1.02087
127	26	1.04931
127	49	1.04312
127	53	1.04683
127	80	1.04683
127	81	0.984019
127	86	1.0378
127	87	0.822787
127	89	1.1226
127	90	0.964175
127	94	1.07367
127	96	0.925135
127	99	0.982978
127	105	1.02819
127	111	0.959738
127	121	0.914798
128	11	0.93716
128	12	0.934819
128	18	0.932404
128	30	0.970396
128	35	0.976199
128	43	1.08178
128	44	0.968723
128	54	0.916108
128	56	0.918869
128	64	0.93435
128	72	1.0614
128	85	1.04821
128	90	1.00901
128	95	0.967423
128	110	0.986584
128	120	1.05505
