1	3	1.00541
1	6	1.04952
1	16	1.06076
1	35	1.00528
1	36	1.05114
1	40	1.669
1	48	0.961696
1	55	0.981763
1	72	0.991509
1	87	1.05111
1	93	1.05202
1	115	1.10505
1	116	0.995204
1	117	0.944937
1	123	1.04194
1	125	0.995284
2	18	1.01032
2	27	1.38416
2	36	1.06558
2	47	1.4498
2	48	0.97614
2	55	0.996207
2	72	1.00595
2	75	0.957214
2	80	1.04899
2	87	1.06556
2	93	1.06647
2	96	1.07355
2	97	1.04521
2	98	1.00064
2	101	0.963124
2	117	0.959381
3	1	1.03759
3	2	1.03231
3	22	1.03088
3	25	0.000258423
3	35	0.981977
3	36	1.02783
3	38	1.8894
3	48	0.93839
3	75	0.919464
3	78	1.02232
3	80	1.01124
3	93	1.02872
3	98	0.962891
3	101	0.925374
3	114	0.924707
3	123	1.01863
4	24	0.993175
4	30	1.03384
4	33	1.02538
4	46	0.936105
4	51	0.988181
4	57	1.03541
4	58	0.983507
4	68	1.10059
4	69	0.887601
4	76	0.96869
4	79	1.02333
4	85	0.940429
4	89	1.02399
4	90	0.977519
4	121	0.967931
4	126	0.8762
5	7	1.00619
5	9	0.957183
5	10	0.952524
5	15	0.947723
5	19	1.00916
5	31	0.955629
5	32	1.02084
5	44	1.06069
5	49	0.914947
5	64	0.958122
5	82	1.02039
5	86	0.95869
5	92	1.06459
5	99	2.29841
5	100	1.00225
5	119	1.00712
6	1	1.0714
6	2	1.06613
6	3	1.01592
6	8	1.76712
6	26	1.00362
6	55	0.992269
6	68	1.05807
6	72	1.00202
6	75	0.953276
6	88	1.05132
6	96	1.06961
6	97	1.04128
6	98	0.996703
6	101	0.959186
6	104	1.05949
6	114	0.958519
7	5	1.00317
7	11	0.963839
7	13	0.920876
7	17	1.64591
7	19	1.00309
7	23	0.942201
7	31	0.949562
7	37	1.05158
7	60	0.993849
7	67	1.00424
7	71	0.996413
7	82	1.01432
7	86	0.952623
7	100	0.99618
7	106	1.04526
7	127	1.00241
8	39	1.06375
8	45	0.999892
8	59	1.006
8	65	1.6729e-06
8	70	1.05431
8	77	1.06048
8	83	1.06168
8	95	1.05046
8	99	1.01008
8	102	1.00776
8	107	1.05038
8	113	0.959869
8	115	1.00162
8	123	0.009249
8	124	0.993911
8	128	1.00354
9	7	0.974369
9	10	0.920704
9	15	0.915902
9	19	0.977341
9	43	0.973538
9	44	1.02887
9	50	1.03115
9	60	0.968095
9	64	0.926301
9	73	1.89342
9	84	0.982655
9	86	0.926869
9	91	1.02563
9	92	1.03277
9	100	0.970427
9	127	0.976654
10	9	0.923033
10	11	0.935757
10	19	0.975012
10	32	0.986688
10	60	0.965766
10	65	1.03484
10	67	0.976158
10	71	0.96833
10	72	1.75654
10	82	0.98624
10	86	0.92454
10	92	1.03044
10	105	0.919433
10	106	1.01718
10	111	1.01871
10	127	0.974325
11	5	0.976539
11	9	0.924487
11	10	0.919829
11	13	0.894247
11	31	0.922934
11	37	1.02495
11	49	0.882251
11	50	1.03028
11	63	2.37641
11	71	0.969784
11	84	0.98178
11	100	0.969552
11	105	0.920887
11	106	1.01863
11	111	1.02016
11	127	0.975779
12	5	0.900798
12	8	1.00391
12	17	1.0109
12	20	0.954075
12	27	1.00288
12	39	1.01931
12	62	0.961777
12	66	0.917309
12	70	1.00988
12	74	0.9588
12	88	0.95477
12	95	1.00603
12	103	1.00954
12	107	1.00595
12	109	0.908092
12	113	0.915437
13	9	0.899554
13	11	0.912278
13	23	0.890639
13	31	0.898001
13	32	0.96321
13	37	1.00002
13	43	0.94773
13	44	1.00306
13	49	0.857319
13	50	1.00534
13	65	1.01136
13	67	0.95268
13	71	0.944851
13	82	0.962761
13	84	0.956848
13	100	0.944619
14	1	1.01741
14	2	1.01213
14	3	0.961928
14	16	1.01727
14	18	0.952394
14	22	1.0107
14	55	0.938276
14	75	0.899283
14	76	2.5205
14	78	1.00214
14	87	1.00763
14	93	1.00854
14	96	1.01562
14	112	0.953713
14	118	1.00361
14	125	0.951797
15	5	0.972684
15	7	0.969639
15	11	0.933356
15	19	0.972611
15	23	0.911717
15	50	1.02642
15	60	0.963365
15	64	0.921571
15	65	1.03244
15	67	0.973757
15	84	0.977925
15	87	1.0869
15	100	0.965697
15	106	1.01478
15	111	1.01631
15	119	0.970564
16	3	1.02242
16	14	0.956759
16	22	1.07119
16	69	3.2
16	75	0.959774
16	80	1.05155
16	87	1.06812
16	98	1.0032
16	101	0.965684
16	104	1.06599
16	114	0.965017
16	116	1.01221
16	117	0.961941
16	123	1.05894
16	125	1.01229
16	128	5.33197e-05
17	3	1.30916
17	12	0.962972
17	27	1.05081
17	38	1.05664
17	39	1.06724
17	45	1.00339
17	59	1.0095
17	62	1.0097
17	74	1.00673
17	82	1.93173e-05
17	83	1.06517
17	88	1.0027
17	107	1.05388
17	109	0.956017
17	115	1.00511
17	124	0.997404
18	1	1.04646
18	6	1.03508
18	16	1.04632
18	22	1.03975
18	26	0.978673
18	30	1.08232
18	48	0.947254
18	75	0.928327
18	87	1.03667
18	91	0.600597
18	101	0.934238
18	104	1.03455
18	112	0.982758
18	114	0.93357
18	118	1.03266
18	123	1.0275
19	10	0.949573
19	15	0.944771
19	20	1.24904
19	23	0.945316
19	31	0.952678
19	32	1.01789
19	49	0.911996
19	50	1.06002
19	60	0.996964
19	67	1.00736
19	82	1.01744
19	86	0.955739
19	91	1.0545
19	105	0.950632
19	106	1.04838
19	119	1.00416
20	8	1.02664
20	12	0.937781
20	27	1.02562
20	29	0.974608
20	38	1.03145
20	40	0.980585
20	53	1.03291
20	54	1.02208
20	56	0.986825
20	66	0.940043
20	77	1.03878
20	102	0.986059
20	103	1.03227
20	107	1.02869
20	126	1.02901
20	128	0.981846
21	28	1.03084
21	33	1.03426
21	37	1.75338
21	45	0.912562
21	46	0.944983
21	47	0.994806
21	51	0.997059
21	52	1.02988
21	57	1.04428
21	61	0.940515
21	85	0.949307
21	90	0.986397
21	94	0.990036
21	108	0.992411
21	121	0.976809
21	122	0.989046
22	2	1.06935
22	14	0.953485
22	26	1.00685
22	55	0.995493
22	68	1.06129
22	70	9.85173e-07
22	75	0.956499
22	78	1.05935
22	79	0.351699
22	93	1.06575
22	97	1.0445
22	101	0.96241
22	112	1.01093
22	114	0.961743
22	116	1.00893
22	118	1.06083
23	13	0.890665
23	44	1.02441
23	50	1.02669
23	64	0.921843
23	65	1.03271
23	67	0.97403
23	71	0.966201
23	82	0.984111
23	84	0.978198
23	91	1.02117
23	92	1.02831
23	105	0.917305
23	106	1.01505
23	111	1.01658
23	124	1.01801
23	127	0.972196
24	31	2.28519
24	34	1.02916
24	52	1.02157
24	54	0.979574
24	57	1.03597
24	61	0.932204
24	63	0.980921
24	69	0.888168
24	73	0.938651
24	81	0.976258
24	85	0.940996
24	89	1.02456
24	110	0.976213
24	120	1.03195
24	122	0.980735
24	125	0.789623
25	1	2.07432e-07
25	13	3.19552
25	30	1.04439
25	34	1.03914
25	42	0.991689
25	47	0.996477
25	58	0.994056
25	63	0.990903
25	69	0.898149
25	73	0.948633
25	79	1.03388
25	81	0.98624
25	89	1.03454
25	94	0.991706
25	108	0.994082
25	110	0.986194
26	1	1.0426
26	2	1.03732
26	3	0.987116
26	6	1.03122
26	16	1.04246
26	18	0.977582
26	22	1.03589
26	36	1.03284
26	48	0.943398
26	52	1.57351
26	75	0.924471
26	78	1.02733
26	80	1.01624
26	112	0.978902
26	116	0.976905
26	117	0.926638
27	8	1.04783
27	12	0.958966
27	17	1.05482
27	20	0.997994
27	38	1.05263
27	39	1.06323
27	53	1.0541
27	56	1.00801
27	59	1.00549
27	66	0.961228
27	70	1.0538
27	89	0.418103
27	102	1.00724
27	103	1.05346
27	104	0.724004
27	126	1.05019
28	21	1.0175
28	24	1.02309
28	25	1.08428
28	30	1.06376
28	33	1.0553
28	42	1.01106
28	47	1.01584
28	63	1.01027
28	68	0.497476
28	69	0.917516
28	73	0.967999
28	79	1.05325
28	86	2.20424
28	94	1.01107
28	110	1.00556
28	120	1.0613
29	20	0.974303
29	27	1.02311
29	38	1.02894
29	40	0.978078
29	41	1.03163
29	53	1.03041
29	56	0.984319
29	62	0.982005
29	74	0.979028
29	77	1.03627
29	88	0.974997
29	95	1.02625
29	99	0.985877
29	103	1.02976
29	121	0.4601
29	124	0.969707
30	4	1.02586
30	24	1.02679
30	32	1.26761
30	34	1.0622
30	54	1.01262
30	63	1.01396
30	69	0.921211
30	73	0.971694
30	79	1.05694
30	81	1.0093
30	85	0.974039
30	89	1.0576
30	90	1.01113
30	93	0.849706
30	110	1.00926
30	122	1.01378
31	13	0.894345
31	15	0.915125
31	23	0.91567
31	37	1.02505
31	43	0.972761
31	50	1.03037
31	67	0.977711
31	71	0.969882
31	84	0.981879
31	86	0.926093
31	92	1.03199
31	97	0.914809
31	100	0.96965
31	106	1.01873
31	111	1.02026
31	119	0.974518
32	5	1.01049
32	7	1.00745
32	10	0.953783
32	15	0.948981
32	23	0.949526
32	31	0.956888
32	43	1.00662
32	44	1.06195
32	49	0.916206
32	64	0.95938
32	71	1.00374
32	82	1.02165
32	86	0.959948
32	105	0.954841
32	122	0.648746
32	127	1.00973
33	4	1.02387
33	21	1.01921
33	25	1.08599
33	28	1.05359
33	34	1.06022
33	42	1.01276
33	45	1.06459
33	52	1.05263
33	54	1.01063
33	57	1.06703
33	69	0.919225
33	73	0.969708
33	76	1.00031
33	78	0.601478
33	79	1.05495
33	110	1.00727
34	24	1.0264
34	28	1.05519
34	41	1.05089
34	42	1.01437
34	47	1.01916
34	54	1.01224
34	58	1.01674
34	61	0.964866
34	63	1.01358
34	76	1.00192
34	90	1.01075
34	92	7.51793e-05
34	108	1.01676
34	110	1.00888
34	121	1.00116
34	122	1.0134
35	1	1.05038
35	3	0.994893
35	14	0.929234
35	22	1.04367
35	26	0.982594
35	36	1.04062
35	48	0.951175
35	50	0.92599
35	55	0.971242
35	79	0.509654
35	87	1.04059
35	97	1.02025
35	101	0.938159
35	114	0.937491
35	117	0.934415
35	123	1.03142
36	3	1.01762
36	6	1.06173
36	14	0.95196
36	18	1.00809
36	22	1.06639
36	26	1.00532
36	48	0.973901
36	72	1.00371
36	80	1.04675
36	97	1.04297
36	100	1.19888
36	110	0.842715
36	112	1.0094
36	114	0.960217
36	117	0.957141
36	125	1.00749
37	2	0.364783
37	5	1.02765
37	13	0.945353
37	15	0.966133
37	23	0.966678
37	31	0.97404
37	43	1.02377
37	44	1.0791
37	50	1.08138
37	53	1.55967e-05
37	64	0.976532
37	67	1.02872
37	82	1.0388
37	84	1.03289
37	86	0.977101
37	111	1.07127
38	8	1.05074
38	12	0.96188
38	27	1.04972
38	28	0.09078
38	29	0.998708
38	33	0.536243
38	39	1.06615
38	45	1.00229
38	62	1.00861
38	70	1.05671
38	74	1.00563
38	95	1.05286
38	99	1.01248
38	103	1.05637
38	115	1.00402
38	124	0.996312
39	12	0.95638
39	20	0.995409
39	26	0.700573
39	27	1.04422
39	40	0.999184
39	45	0.996794
39	56	1.00542
39	59	1.00291
39	70	1.05121
39	75	2.48697
39	83	1.05858
39	109	0.949425
39	113	0.95677
39	126	1.0476
39	127	0.00545451
39	128	1.00045
40	20	0.977827
40	24	0.125176
40	27	1.02664
40	41	1.03516
40	56	0.987843
40	59	0.985324
40	62	0.985529
40	74	0.982552
40	83	1.041
40	99	0.989401
40	102	0.987076
40	103	1.03329
40	107	1.0297
40	115	0.98094
40	124	0.973231
40	128	0.982863
41	20	1.00226
41	22	1.23498
41	27	1.05106
41	29	1.00005
41	45	1.00364
41	53	1.05836
41	59	1.00975
41	66	0.965489
41	77	1.06422
41	78	0.395639
41	83	1.06543
41	95	1.05421
41	99	1.01383
41	102	1.0115
41	109	0.956272
41	128	1.00729
42	21	0.994286
42	24	0.999878
42	25	1.06106
42	27	0.674028
42	46	0.942807
42	51	0.994884
42	52	1.02771
42	54	0.98571
42	57	1.04211
42	61	0.938339
42	66	2.4321
42	85	0.947131
42	110	0.982348
42	120	1.03809
42	121	0.974634
42	122	0.98687
43	11	0.961304
43	13	0.91834
43	15	0.93912
43	20	0.928745
43	23	0.939665
43	37	1.04904
43	44	1.05209
43	50	1.05437
43	67	1.00171
43	71	0.993877
43	84	1.00587
43	86	0.950088
43	91	1.04885
43	92	1.05599
43	105	0.944981
43	121	1.12619
44	5	1.02917
44	7	1.02612
44	9	0.977116
44	11	0.989839
44	15	0.967656
44	19	1.02909
44	23	0.968201
44	37	1.07758
44	49	0.93488
44	57	0.888478
44	59	0.945879
44	64	0.978055
44	92	1.08452
44	100	1.02218
44	105	0.973516
44	119	1.02705
45	4	1.22294
45	12	0.938447
45	17	1.0343
45	29	0.975274
45	38	1.03211
45	39	1.04271
45	62	0.985177
45	66	0.940709
45	74	0.9822
45	77	1.03944
45	88	0.978169
45	99	0.98905
45	103	1.03294
45	107	1.02935
45	113	0.938837
45	126	1.02967
46	4	0.979231
46	21	0.974568
46	33	1.01237
46	47	0.972913
46	52	1.00799
46	58	0.970493
46	61	0.918622
46	63	0.967339
46	70	3.03389
46	79	1.01032
46	81	0.962676
46	89	1.01098
46	90	0.964504
46	110	0.962631
46	120	1.01837
46	122	0.967153
47	11	0.823685
47	26	0.926362
47	34	1.03783
47	42	0.990378
47	51	0.997419
47	54	0.988245
47	58	0.992745
47	61	0.940874
47	69	0.896838
47	79	1.03257
47	81	0.984928
47	85	0.949666
47	89	1.03323
47	90	0.986757
47	110	0.984883
47	122	0.989405
48	1	1.02838
48	14	0.907239
48	16	1.02824
48	18	0.963364
48	35	0.972766
48	36	1.01862
48	55	0.949247
48	72	0.958993
48	75	0.910253
48	101	0.916164
48	105	2.10353
48	112	0.964684
48	116	0.962687
48	117	0.91242
48	123	1.00942
48	125	0.962768
49	5	0.954809
49	7	0.951763
49	9	0.902757
49	10	0.898098
49	11	0.91548
49	13	0.872517
49	19	0.954736
49	43	0.950932
49	44	1.00626
49	50	1.00855
49	60	0.94549
49	64	0.903696
49	65	1.01456
49	82	0.965964
49	91	1.00302
49	119	0.952689
50	7	1.02712
50	9	0.978115
50	10	0.973457
50	15	0.968656
50	32	1.04177
50	35	1.76454
50	37	1.07858
50	43	1.02629
50	44	1.08162
50	49	0.93588
50	64	0.979055
50	71	1.02341
50	83	0.502651
50	84	1.03541
50	106	1.07226
50	111	1.07379
51	4	1.00783
51	21	1.00317
51	28	1.03755
51	30	1.04943
51	46	0.951694
51	47	1.00152
51	69	0.90319
51	76	0.984279
51	81	0.99128
51	89	1.03958
51	90	0.993108
51	94	0.996747
51	110	0.991235
51	117	1.75674
51	121	0.98352
51	122	0.995757
52	4	1.02168
52	17	0.246197
52	25	1.0838
52	28	1.0514
52	30	1.06328
52	33	1.05482
52	44	0.656977
52	54	1.00844
52	61	0.961072
52	63	1.00979
52	73	0.967519
52	81	1.00513
52	89	1.05343
52	108	1.01297
52	120	1.06082
52	121	0.997366
53	8	1.04163
53	17	1.04862
53	38	1.04643
53	39	1.05703
53	49	3.19998
53	62	0.999497
53	63	0.000145622
53	74	0.99652
53	83	1.05497
53	88	0.99249
53	95	1.04375
53	102	1.00105
53	107	1.04367
53	109	0.945812
53	115	0.994909
53	128	0.996832
54	4	0.99826
54	21	0.993598
54	30	1.03986
54	33	1.0314
54	34	1.03461
54	37	1.08178
54	46	0.942119
54	47	0.991942
54	48	1.09625
54	51	0.994196
54	57	1.04142
54	63	0.986369
54	69	0.893615
54	81	0.981705
54	90	0.983534
54	94	0.987172
55	1	1.04091
55	2	1.03564
55	3	0.985429
55	14	0.91977
55	22	1.0342
55	68	1.02758
55	74	1.87945
55	75	0.922785
55	78	1.02564
55	87	1.03113
55	93	1.03204
55	96	1.03912
55	104	1.029
55	118	1.02711
55	123	1.02195
55	125	0.975299
56	8	1.02755
56	12	0.938687
56	20	0.977715
56	36	0.480609
56	39	1.04295
56	40	0.981491
56	58	1.67352
56	62	0.985417
56	70	1.03352
56	77	1.03968
56	95	1.02967
56	107	1.02959
56	109	0.931732
56	113	0.939077
56	115	0.980828
56	126	1.02991
57	21	1.02422
57	34	1.06523
57	47	1.02256
57	51	1.02482
57	54	1.01564
57	69	0.924237
57	73	0.97472
57	79	1.05997
57	81	1.01233
57	83	0.819828
57	90	1.01416
57	94	1.01779
57	108	1.02017
57	118	0.872162
57	120	1.06802
57	121	1.00457
58	25	1.06691
58	28	1.03451
58	30	1.04639
58	33	1.03793
58	42	0.993686
58	44	0.708855
58	46	0.94865
58	47	0.998473
58	51	1.00073
58	57	1.04795
58	61	0.944182
58	69	0.900146
58	76	0.981236
58	85	0.952974
58	94	0.993703
58	122	0.992713
59	17	1.03665
59	20	0.979826
59	27	1.02864
59	29	0.977625
59	40	0.983601
59	45	0.981211
59	56	0.989842
59	66	0.943059
59	70	1.03563
59	88	0.98052
59	99	0.9914
59	102	0.989075
59	108	1.39826
59	109	0.933842
59	124	0.97523
59	126	1.03202
60	5	0.997926
60	10	0.941216
60	11	0.958598
60	13	0.915634
60	15	0.936414
60	29	1.7388
60	32	1.00953
60	37	1.04634
60	43	0.994049
60	53	2.54522e-05
60	65	1.05768
60	82	1.00908
60	91	1.04614
60	92	1.05328
60	111	1.04155
60	119	0.995806
61	4	0.976997
61	6	0.370729
61	21	0.972334
61	25	1.03911
61	30	1.01859
61	33	1.01013
61	42	0.965891
61	51	0.972932
61	54	0.963758
61	57	1.02016
61	63	0.965105
61	73	0.922835
61	79	1.00808
61	108	0.968284
61	110	0.960397
61	121	0.952682
62	8	1.02486
62	23	2.18226
62	38	1.02966
62	41	1.03235
62	45	0.976408
62	53	1.03113
62	56	0.985039
62	66	0.938257
62	70	1.03083
62	77	1.03699
62	88	0.975718
62	99	0.986598
62	106	0.467966
62	107	1.0269
62	113	0.936385
62	126	1.02722
63	21	0.996653
63	24	1.00224
63	25	1.06343
63	28	1.03103
63	30	1.04291
63	33	1.03445
63	42	0.99021
63	52	1.03007
63	55	0.823419
63	58	0.992577
63	61	0.940707
63	69	0.89667
63	73	0.947154
63	76	0.97776
63	81	0.984761
63	90	0.986589
64	7	0.974838
64	10	0.921173
64	19	0.977811
64	23	0.916916
64	37	1.02629
64	43	0.974007
64	49	0.883596
64	59	0.855977
64	60	0.968565
64	71	0.971128
64	91	1.0261
64	92	1.03324
64	100	0.970896
64	105	0.922232
64	106	1.01998
64	119	0.975764
65	5	0.953274
65	9	0.901222
65	13	0.870982
65	15	0.891762
65	31	0.899669
65	32	0.964877
65	46	0.134903
65	49	0.858986
65	50	1.00701
65	67	0.954347
65	71	0.946519
65	82	0.964429
65	86	0.902729
65	101	3.15206
65	105	0.897622
65	127	0.952514
66	12	0.916178
66	38	1.00984
66	45	0.956592
66	53	1.01131
66	56	0.965222
66	62	0.962908
66	83	1.01838
66	95	1.00716
66	99	0.966781
66	102	0.964456
66	103	1.01067
66	109	0.909223
66	111	0.768036
66	115	0.95832
66	126	1.0074
66	128	0.960243
67	7	0.998623
67	10	0.944958
67	23	0.940701
67	31	0.948063
67	32	1.01327
67	82	1.01282
67	84	1.00691
67	86	0.951124
67	91	1.04988
67	92	1.05703
67	100	0.994681
67	106	1.04376
67	107	1.44778
67	112	1.03913
67	119	0.999549
67	127	1.00091
68	2	1.06604
68	3	1.01583
68	14	0.950172
68	16	1.07118
68	18	1.0063
68	36	1.06155
68	39	0.00679905
68	78	1.05604
68	95	1.59522
68	97	1.04119
68	101	0.959097
68	112	1.00762
68	114	0.95843
68	116	1.00562
68	118	1.05751
68	125	1.0057
69	4	0.953656
69	21	0.948993
69	24	0.954585
69	25	1.01577
69	33	0.986793
69	42	0.942551
69	46	0.897515
69	51	0.949592
69	54	0.940417
69	57	0.996817
69	58	0.944918
69	73	0.899494
69	85	0.901839
69	89	0.985404
69	108	0.944943
69	120	0.992797
70	7	0.183593
70	8	1.04602
70	20	0.996186
70	29	0.993985
70	45	0.997571
70	53	1.05229
70	83	1.05936
70	87	5.41199e-05
70	102	1.00544
70	103	1.05165
70	107	1.04806
70	109	0.950202
70	113	0.957548
70	124	0.99159
70	126	1.04838
70	128	1.00122
71	10	0.944858
71	23	0.940601
71	32	1.01317
71	37	1.04998
71	40	1.40579
71	50	1.05531
71	60	0.992249
71	65	1.06132
71	67	1.00264
71	82	1.01272
71	86	0.951024
71	91	1.04978
71	100	0.994581
71	105	0.945917
71	111	1.04519
71	119	0.999449
72	16	1.04148
72	22	1.03491
72	26	0.973836
72	35	0.986003
72	68	1.02828
72	87	1.03183
72	93	1.03275
72	97	1.01149
72	102	0.254004
72	103	1.18972
72	104	1.02971
72	114	0.928733
72	116	0.975924
72	117	0.925657
72	118	1.02782
72	123	1.02266
73	4	0.981542
73	21	0.976879
73	24	0.982471
73	28	1.01126
73	42	0.970437
73	46	0.925401
73	51	0.977478
73	58	0.972804
73	61	0.920933
73	69	0.876897
73	76	0.957987
73	79	1.01263
73	108	0.972829
73	110	0.964942
73	120	1.02068
73	121	0.957228
74	27	1.02407
74	41	1.03259
74	50	0.00665868
74	53	1.03136
74	56	0.985274
74	59	0.982755
74	66	0.938491
74	70	1.03106
74	77	1.03723
74	88	0.975952
74	89	1.31391
74	99	0.986832
74	102	0.984507
74	115	0.978371
74	124	0.970661
74	126	1.02745
75	6	1.00754
75	16	1.01878
75	22	1.01221
75	26	0.951136
75	67	0.713051
75	68	1.00558
75	72	0.949529
75	78	1.00365
75	80	0.992562
75	87	1.00913
75	96	1.01713
75	101	0.906701
75	104	1.00701
75	112	0.955221
75	114	0.906033
75	118	1.00512
76	5	0.000938399
76	21	0.990657
76	24	0.996249
76	25	1.05744
76	28	1.02504
76	34	1.03167
76	36	0.678382
76	47	0.989002
76	52	1.02408
76	57	1.03848
76	58	0.986582
76	79	1.0264
76	85	0.943503
76	94	0.984232
76	120	1.03446
76	122	0.983242
77	2	0.0013591
77	8	1.05441
77	14	0.679728
77	17	1.0614
77	27	1.05338
77	29	1.00237
77	40	1.00835
77	45	1.00596
77	59	1.01207
77	66	0.967808
77	88	1.00527
77	109	0.95859
77	113	0.965936
77	115	1.00769
77	126	1.05677
77	128	1.00961
78	1	1.07035
78	6	1.05897
78	15	2.11061
78	16	1.07021
78	18	1.00533
78	22	1.06364
78	35	1.01473
78	42	0.0931929
78	80	1.04399
78	93	1.06147
78	98	0.995645
78	101	0.958128
78	112	1.00665
78	117	0.954385
78	123	1.05139
78	125	1.00473
79	4	1.02284
79	21	1.01818
79	33	1.05598
79	34	1.05919
79	42	1.01174
79	52	1.0516
79	63	1.01095
79	73	0.968682
79	76	0.999288
79	89	1.05459
79	90	1.00812
79	106	1.02488
79	108	1.01413
79	119	1.31366
79	120	1.06198
79	121	0.998529
80	3	1.00932
80	18	0.999787
80	30	8.97084e-05
80	36	1.05504
80	48	0.965603
80	68	1.05147
80	93	1.05593
80	94	1.22883
80	96	1.06301
80	97	1.03468
80	104	1.05289
80	116	0.99911
80	117	0.948843
80	118	1.051
80	123	1.04585
80	125	0.999191
81	25	1.0603
81	28	1.0279
81	30	1.03978
81	41	0.517478
81	46	0.94204
81	52	1.02694
81	57	1.04134
81	63	0.98629
81	73	0.94402
81	76	0.974626
81	85	0.946364
81	94	0.987093
81	108	0.989469
81	115	1.59774
81	120	1.03732
81	121	0.973867
82	7	1.0037
82	9	0.954692
82	10	0.950034
82	11	0.967416
82	13	0.924452
82	31	0.953139
82	43	1.00287
82	44	1.0582
82	64	0.955631
82	65	1.0665
82	84	1.01199
82	86	0.9562
82	105	0.951093
82	110	1.44094
82	114	1.76012
82	127	1.00598
83	6	0.0104566
83	12	0.966148
83	20	1.00518
83	40	1.00895
83	41	1.06251
83	62	1.01288
83	70	1.06098
83	74	1.0099
83	88	1.00587
83	103	1.06064
83	109	0.959193
83	112	1.86717
83	113	0.966538
83	124	1.00058
83	126	1.05737
83	128	1.01021
84	5	1.00614
84	7	1.00309
84	9	0.954085
84	10	0.949427
84	13	0.923845
84	19	1.00606
84	23	0.94517
84	32	1.01774
84	49	0.91185
84	60	0.996818
84	80	1.09225
84	82	1.01729
84	92	1.06149
84	96	1.3544
84	111	1.04976
84	119	1.00402
85	21	0.97673
85	42	0.970287
85	46	0.925252
85	51	0.977328
85	52	1.01015
85	57	1.02455
85	61	0.920784
85	63	0.969501
85	76	0.957837
85	77	1.52295
85	81	0.964838
85	90	0.966666
85	108	0.97268
85	120	1.02053
85	121	0.957078
85	122	0.969315
86	11	0.938839
86	13	0.895876
86	31	0.924562
86	32	0.989771
86	37	1.02658
86	50	1.0319
86	60	0.968849
86	64	0.927055
86	67	0.979241
86	71	0.971413
86	77	0.995796
86	92	1.03352
86	100	0.97118
86	105	0.922516
86	111	1.02179
86	119	0.976048
87	1	1.07147
87	7	1.36489
87	35	1.01585
87	48	0.972265
87	55	0.992332
87	68	1.05813
87	72	1.00208
87	75	0.953339
87	78	1.05619
87	80	1.04511
87	84	0.751689
87	93	1.06259
87	98	0.996766
87	112	1.00777
87	117	0.955506
87	125	1.00585
88	8	1.02434
88	12	0.93548
88	17	1.03133
88	29	0.972308
88	33	0.996503
88	38	1.02915
88	40	0.978284
88	41	1.03184
88	56	0.984525
88	77	1.03648
88	83	1.03768
88	95	1.02646
88	99	0.986083
88	102	0.983758
88	107	1.02639
88	113	0.935871
89	4	1.02318
89	24	1.0241
89	28	1.05289
89	30	1.06477
89	33	1.05631
89	42	1.01207
89	46	0.967034
89	47	1.01686
89	52	1.05193
89	54	1.00994
89	58	1.01444
89	60	1.46115
89	90	1.00845
89	94	1.01209
89	108	1.01446
89	111	0.00689487
90	4	0.998109
90	24	0.999039
90	25	1.06023
90	34	1.03446
90	47	0.991792
90	52	1.02687
90	61	0.937501
90	76	0.974554
90	85	0.946293
90	88	1.15237
90	89	1.02986
90	94	0.987022
90	108	0.989397
90	110	0.981509
90	121	0.973795
90	125	1.38157
91	7	1.0245
91	9	0.975496
91	10	0.970838
91	11	0.98822
91	12	2.29915
91	15	0.966036
91	19	1.02748
91	32	1.03915
91	44	1.079
91	49	0.933261
91	60	1.01823
91	65	1.0873
91	67	1.02862
91	100	1.02056
91	106	1.06964
91	123	0.00670965
92	5	1.02991
92	10	0.973201
92	11	0.990583
92	15	0.968399
92	18	1.5172
92	31	0.976306
92	37	1.07832
92	43	1.02603
92	49	0.935624
92	60	1.02059
92	64	0.978798
92	65	1.08966
92	85	1.67713
92	100	1.02292
92	105	0.97426
92	127	1.02915
93	14	0.952403
93	18	1.00853
93	21	0.533858
93	26	1.00576
93	35	1.01793
93	36	1.06379
93	48	0.974344
93	55	0.994411
93	62	0.549555
93	68	1.06021
93	80	1.04719
93	87	1.06376
93	98	0.998845
93	104	1.06164
93	117	0.957585
93	125	1.00793
94	24	1.0038
94	25	1.06499
94	46	0.946732
94	51	0.998809
94	52	1.03163
94	54	0.989635
94	57	1.04603
94	58	0.994135
94	69	0.898228
94	76	0.979318
94	81	0.986319
94	85	0.951057
94	103	1.0381
94	110	0.986273
94	121	0.978559
94	122	0.990795
95	1	0.426078
95	8	1.0494
95	17	1.05639
95	28	0.407205
95	29	0.997364
95	40	1.00334
95	45	1.00095
95	53	1.05567
95	56	1.00958
95	59	1.00706
95	70	1.05537
95	74	1.00429
95	102	1.00881
95	103	1.05503
95	126	1.05176
95	128	1.0046
96	14	0.955944
96	16	1.07695
96	18	1.01207
96	35	1.02147
96	48	0.977885
96	52	0.722795
96	55	0.997952
96	72	1.0077
96	75	0.958959
96	78	1.06181
96	80	1.05073
96	87	1.0673
96	101	0.964869
96	114	0.964202
96	118	1.06329
96	122	0.207155
97	2	1.05651
97	6	1.05041
97	35	1.00617
97	36	1.05203
97	43	1.14519
97	48	0.962586
97	68	1.04845
97	80	1.03543
97	96	1.06
97	101	0.94957
97	104	1.04988
97	107	1.13428
97	112	0.99809
97	118	1.04799
97	123	1.04283
97	125	0.996174
98	3	0.985017
98	6	1.02912
98	16	1.04036
98	26	0.972719
98	35	0.984886
98	51	0.825185
98	72	0.971112
98	80	1.01414
98	93	1.03163
98	96	1.03871
98	97	1.01037
98	112	0.976803
98	116	0.974807
98	118	1.0267
98	120	0.481447
98	123	1.02154
99	12	0.941717
99	16	5.38484e-05
99	20	0.980746
99	29	0.978545
99	38	1.03538
99	39	1.04598
99	40	0.984521
99	59	0.988243
99	74	0.985471
99	77	1.04271
99	83	1.04392
99	107	1.03262
99	109	0.934762
99	115	0.983859
99	120	0.901437
99	124	0.97615
100	9	0.946678
100	15	0.937218
100	19	0.998657
100	31	0.945125
100	34	1.18326
100	43	0.994853
100	58	0.8177
100	60	0.989411
100	65	1.05848
100	67	0.999803
100	82	1.00988
100	84	1.00397
100	91	1.04695
100	106	1.04082
100	119	0.99661
100	127	0.99797
101	1	1.02187
101	2	1.0166
101	18	0.956856
101	25	0.0345427
101	48	0.922672
101	68	1.00854
101	78	1.0066
101	87	1.01209
101	96	1.02008
101	98	0.947173
101	104	1.00996
101	112	0.958176
101	114	0.908988
101	116	0.956179
101	117	0.905912
101	118	1.00807
102	17	1.03332
102	20	0.976498
102	29	0.974297
102	32	1.28376
102	38	1.03114
102	41	1.03383
102	45	0.977883
102	59	0.983995
102	62	0.9842
102	66	0.939732
102	77	1.03847
102	83	1.03967
102	95	1.02845
102	109	0.930515
102	113	0.93786
102	118	1.66206
103	17	1.05814
103	34	0.966378
103	39	1.06656
103	41	1.05865
103	56	1.01134
103	66	0.964554
103	70	1.05712
103	74	1.00605
103	77	1.06329
103	88	1.00201
103	95	1.05327
103	97	0.00570719
103	109	0.955337
103	113	0.962682
103	115	1.00443
103	124	0.996724
104	1	1.07203
104	3	1.01654
104	6	1.06065
104	14	0.950885
104	22	1.06532
104	26	1.00425
104	35	1.01641
104	36	1.06227
104	38	0.683962
104	97	1.0419
104	98	0.997327
104	114	0.959142
104	116	1.00633
104	117	0.956066
104	123	1.05307
104	126	0.739659
105	5	0.975614
105	7	0.972569
105	23	0.914647
105	32	0.987218
105	37	1.02402
105	43	0.971738
105	44	1.02707
105	49	0.881327
105	64	0.924501
105	65	1.03537
105	67	0.976688
105	84	0.980856
105	91	1.02383
105	111	1.01924
105	124	1.09668
105	127	0.974854
106	5	1.02449
106	7	1.02144
106	9	0.972434
106	11	0.985158
106	13	0.942194
106	19	1.02441
106	31	0.970881
106	44	1.07594
106	65	1.08424
106	92	1.07984
106	94	0.933076
106	105	0.968835
106	111	1.06811
106	116	0.77423
106	119	1.02237
106	127	1.02373
107	8	1.04936
107	16	2.20402e-07
107	27	1.04834
107	39	1.06477
107	41	1.05686
107	51	0.617977
107	53	1.05563
107	59	1.00703
107	70	1.05533
107	88	1.00022
107	102	1.00878
107	103	1.05499
107	109	0.953544
107	113	0.96089
107	124	0.994932
107	128	1.00456
108	4	1.00233
108	19	0.92226
108	28	1.03205
108	30	1.04393
108	33	1.03547
108	34	1.03868
108	46	0.946189
108	47	0.996012
108	51	0.998266
108	61	0.941721
108	73	0.948169
108	76	0.978775
108	80	0.879335
108	85	0.950513
108	90	0.987604
108	94	0.991242
109	17	1.00742
109	27	0.999407
109	39	1.01584
109	40	0.954373
109	41	1.00793
109	45	0.951983
109	53	1.0067
109	56	0.960614
109	59	0.958095
109	62	0.958299
109	74	0.955322
109	83	1.01377
109	99	0.962172
109	102	0.959847
109	104	1.0521
109	128	0.955634
110	24	1.00001
110	25	1.0612
110	33	1.03222
110	34	1.03543
110	46	0.942944
110	54	0.985846
110	58	0.990346
110	61	0.938476
110	63	0.987193
110	79	1.03017
110	85	0.947268
110	89	1.03083
110	90	0.984358
110	94	0.987997
110	96	0.916157
110	120	1.03823
111	8	1.4238
111	15	0.96374
111	19	1.02518
111	29	1.00121
111	43	1.02138
111	44	1.07671
111	49	0.930964
111	60	1.01593
111	64	0.974139
111	65	1.085
111	71	1.0185
111	86	0.974707
111	91	1.07347
111	100	1.01826
111	106	1.06734
111	127	1.02449
112	2	1.0406
112	14	0.92473
112	16	1.04574
112	26	0.97809
112	35	0.990257
112	48	0.946671
112	55	0.966738
112	72	0.976484
112	78	1.0306
112	80	1.01952
112	91	0.293674
112	93	1.037
112	96	1.04408
112	98	0.971172
112	104	1.03396
112	116	0.980178
113	8	1.00411
113	12	0.915242
113	27	1.00308
113	29	0.952069
113	38	1.00891
113	40	0.958046
113	62	0.961972
113	66	0.917504
113	70	1.01007
113	74	0.958995
113	83	1.01744
113	88	0.954965
113	92	0.00550702
113	95	1.00622
113	99	0.965845
113	115	0.957384
114	1	1.02154
114	2	1.01626
114	3	0.966056
114	6	1.01016
114	18	0.956523
114	35	0.965925
114	55	0.942405
114	71	1.43975
114	72	0.952151
114	93	1.01267
114	96	1.01975
114	98	0.946839
114	101	0.909322
114	104	1.00963
114	117	0.905579
114	118	1.00774
115	12	0.937089
115	17	1.03294
115	20	0.976117
115	38	1.03076
115	39	1.04136
115	41	1.03345
115	53	1.03222
115	55	0.497157
115	59	0.983614
115	66	0.939351
115	95	1.02807
115	99	0.987692
115	107	1.02799
115	113	0.937479
115	124	0.971521
115	126	1.02831
116	14	0.92577
116	18	0.981895
116	26	0.97913
116	36	1.03715
116	55	0.967778
116	68	1.03358
116	72	0.977523
116	75	0.928784
116	78	1.03164
116	93	1.03804
116	96	1.04512
116	97	1.01678
116	101	0.934694
116	104	1.035
116	109	2.14799
116	123	1.02795
117	1	1.02
117	2	1.01472
117	3	0.964518
117	6	1.00862
117	10	1.44331
117	14	0.898859
117	16	1.01987
117	18	0.954985
117	22	1.01329
117	35	0.964387
117	48	0.9208
117	68	1.00667
117	72	0.950613
117	78	1.00473
117	98	0.945301
117	118	1.0062
118	6	1.05971
118	36	1.06132
118	68	1.05775
118	72	1.00169
118	75	0.952954
118	80	1.04473
118	87	1.0613
118	90	0.665899
118	96	1.06929
118	97	1.04095
118	98	0.996381
118	104	1.05917
118	114	0.958197
118	116	1.00539
118	125	1.00547
118	127	8.29342e-06
119	5	1.00199
119	9	0.949937
119	11	0.96266
119	13	0.919697
119	19	1.00192
119	31	0.948383
119	32	1.01359
119	43	0.998112
119	50	1.05573
119	57	0.619355
119	60	0.99267
119	84	1.00723
119	91	1.0502
119	93	1.26699
119	105	0.946337
119	106	1.04408
120	24	1.0278
120	34	1.06322
120	42	1.01577
120	52	1.05563
120	54	1.01363
120	56	1.0457
120	57	1.07003
120	58	1.01813
120	69	0.922227
120	81	1.01032
120	85	0.975055
120	89	1.05862
120	94	1.01578
120	95	0.771483
120	108	1.01816
120	122	1.01479
121	4	0.997077
121	21	0.992415
121	22	1.61366
121	25	1.05919
121	28	1.0268
121	30	1.03867
121	34	1.03343
121	47	0.990759
121	54	0.983838
121	58	0.988339
121	76	0.973522
121	79	1.02816
121	81	0.980522
121	108	0.988365
121	120	1.03622
121	122	0.984999
122	4	1.00249
122	24	1.00342
122	28	1.03221
122	30	1.04409
122	42	0.991385
122	46	0.94635
122	47	0.996173
122	51	0.998426
122	61	0.941882
122	63	0.990599
122	64	2.34404
122	73	0.948329
122	76	0.978935
122	79	1.03358
122	81	0.985936
122	89	1.03424
123	2	1.06191
123	6	1.05581
123	14	0.946042
123	18	1.00217
123	22	1.06048
123	26	0.999403
123	36	1.05742
123	61	2.82937
123	71	0.354587
123	72	0.997796
123	78	1.05191
123	87	1.0574
123	97	1.03706
123	98	0.992484
123	112	1.00349
123	125	1.00157
124	12	0.933743
124	17	1.02959
124	20	0.972771
124	29	0.97057
124	39	1.03801
124	41	1.0301
124	53	1.02887
124	56	0.982787
124	62	0.980473
124	74	0.977496
124	77	1.03474
124	81	1.08517
124	83	1.03595
124	103	1.02823
124	115	0.975884
124	128	0.977808
125	2	1.04013
125	3	0.989921
125	6	1.03403
125	14	0.924261
125	16	1.04527
125	19	1.02881
125	26	0.977622
125	35	0.989789
125	55	0.966269
125	68	1.03207
125	75	0.927276
125	96	1.04361
125	97	1.01528
125	98	0.970703
125	114	0.932519
125	116	0.97971
126	12	0.960659
126	17	1.05651
126	29	0.997486
126	38	1.05433
126	40	1.00346
126	41	1.05702
126	53	1.05579
126	66	0.962921
126	73	1.30654
126	74	1.00441
126	77	1.06166
126	99	1.01126
126	107	1.05156
126	116	0.277689
126	124	0.995091
126	128	1.00472
127	9	0.951826
127	11	0.96455
127	13	0.921586
127	23	0.942911
127	37	1.05229
127	49	0.90959
127	64	0.952765
127	65	1.06363
127	71	0.997123
127	84	1.00912
127	86	0.953333
127	91	1.05209
127	92	1.05924
127	111	1.0475
127	113	3.19453
127	119	1.00176
128	8	1.02542
128	9	1.30659
128	39	1.04083
128	40	0.979362
128	41	1.03292
128	45	0.976972
128	56	0.985603
128	62	0.983288
128	66	0.93882
128	88	0.976281
128	95	1.02754
128	98	1.89334
128	102	0.984836
128	103	1.03105
128	113	0.936949
128	115	0.9787
