1	3	0.980792
1	12	0.937854
1	15	1.00117
1	16	1.01415
1	20	1.04103
1	25	1.00276
1	33	0.935124
1	41	0.927695
1	57	0.926197
1	61	1.03033
1	75	0.995886
1	84	1.01849
1	111	1.01446
1	119	1.006
1	120	0.936796
1	121	0.935797
2	19	1.01252
2	22	0.935823
2	28	1.02805
2	34	0.967866
2	36	1.03168
2	40	0.897981
2	44	0.933447
2	45	0.96075
2	55	1.09174
2	58	1.01078
2	63	1.01727
2	78	1.06059
2	80	0.949819
2	100	0.994808
2	104	1.00377
2	125	1.02525
3	4	1.05247
3	21	1.10304
3	22	0.939541
3	28	1.03177
3	36	1.0354
3	38	0.950941
3	47	1.03076
3	52	1.02389
3	53	1.00977
3	57	1.05344
3	80	0.953537
3	82	1.05414
3	90	1.05939
3	108	0.968475
3	117	0.9526
3	128	0.940551
4	1	1.16279
4	8	1.00079
4	10	0.926053
4	20	0.98843
4	28	1.00128
4	63	1.03874
4	64	0.937879
4	67	0.936062
4	70	1.08333
4	74	0.991396
4	83	1.17113
4	85	0.889848
4	89	1.06785
4	92	0.925559
4	107	0.937354
4	109	0.990591
5	2	1.05405
5	3	1.0596
5	19	1.04888
5	26	1.05416
5	43	0.920047
5	47	1.0634
5	68	0.922191
5	70	0.848386
5	87	0.980547
5	103	0.972851
5	104	0.945475
5	109	0.937548
5	110	0.927412
5	116	1.05855
5	118	1.04663
5	125	1.06161
6	8	1.0329
6	9	1.01405
6	10	0.958166
6	17	1.08603
6	19	0.983433
6	20	1.02054
6	40	1.1059
6	67	0.968174
6	75	0.925503
6	87	1.05377
6	91	0.96311
6	92	0.957671
6	97	1.10591
6	99	0.959242
6	113	0.961808
6	127	0.948877
7	1	0.922751
7	32	0.989578
7	48	1.06769
7	56	0.918873
7	59	1.12732
7	60	1.01578
7	65	0.926525
7	68	1.01609
7	78	1.09619
7	92	1.16965
7	98	1.07446
7	109	1.03145
7	115	0.995907
7	119	0.999769
7	121	0.929571
7	127	0.987982
8	9	1.01348
8	13	1.10454
8	20	1.01998
8	33	0.873167
8	35	1.02414
8	40	1.10534
8	41	1.08378
8	50	0.980316
8	53	0.937705
8	71	1.0206
8	99	0.958676
8	100	0.988452
8	102	0.947064
8	106	0.961991
8	109	1.02214
8	112	0.95196
9	5	0.891101
9	10	0.948518
9	26	0.935266
9	34	0.967686
9	39	0.994972
9	40	1.09625
9	48	0.843394
9	68	1.01948
9	70	1.10579
9	74	1.01386
9	81	1.07815
9	105	1.01657
9	108	1.01211
9	112	0.942878
9	115	0.971219
9	124	0.954713
10	9	0.976437
10	22	1.14104
10	24	1.00003
10	42	1.08025
10	54	0.987491
10	60	1.01397
10	67	0.930564
10	98	0.936715
10	100	1.0458
10	102	0.910019
10	108	0.984147
10	110	0.999561
10	112	0.914915
10	113	1.02758
10	122	0.983631
10	124	0.92675
11	2	1.05066
11	31	1.07051
11	39	1.02132
11	40	0.940567
11	43	0.980658
11	46	0.971739
11	52	0.986911
11	59	1.13431
11	62	0.979009
11	69	1.01476
11	72	0.920548
11	79	0.993566
11	82	0.918659
11	95	0.992919
11	97	0.916112
11	116	1.04765
12	7	0.920963
12	9	1.04871
12	11	1.13418
12	19	1.03934
12	25	1.0072
12	41	0.932134
12	48	1.07835
12	49	1.0075
12	56	0.929538
12	57	0.930636
12	88	0.925725
12	94	1.11138
12	97	1.16181
12	101	0.984539
12	120	0.941234
12	121	0.940235
13	1	0.919345
13	23	1.0231
13	47	0.990091
13	49	0.993429
13	53	0.995571
13	69	0.976061
13	72	1.14808
13	75	0.991795
13	90	0.90174
13	98	1.07106
13	107	1.15275
13	111	1.00483
13	113	0.989841
13	115	0.992502
13	119	0.996364
13	120	0.927165
14	11	0.91969
14	16	1.04558
14	39	1.01639
14	50	1.00886
14	62	0.974074
14	72	0.915613
14	77	0.890647
14	79	0.988631
14	86	0.911973
14	87	1.12262
14	94	0.921378
14	95	0.987984
14	101	1.00529
14	104	0.995575
14	106	1.02241
14	125	0.995258
15	1	0.964327
15	17	0.944343
15	24	0.925018
15	35	0.995224
15	41	0.963045
15	49	1.03841
15	52	0.9203
15	56	0.960449
15	64	1.10655
15	72	1.07255
15	90	0.946721
15	106	1.0349
15	108	0.987274
15	115	1.03748
15	116	0.98104
15	127	1.02956
16	6	0.967832
16	7	0.959636
16	12	0.980965
16	13	0.952825
16	17	0.952105
16	21	0.893957
16	27	0.960039
16	49	1.04617
16	65	0.975862
16	69	1.0288
16	86	1.09975
16	110	0.976766
16	120	0.979907
16	121	0.978908
16	122	0.99488
16	127	1.03732
17	7	0.906533
17	12	0.927862
17	15	0.991178
17	24	0.995512
17	29	0.920634
17	32	0.985813
17	34	0.979053
17	42	0.914796
17	46	1.02553
17	48	1.06392
17	69	0.975701
17	96	1.10813
17	109	1.04232
17	113	0.98948
17	114	1.03953
17	122	1.05029
18	3	0.966931
18	11	0.917856
18	14	0.913901
18	17	1.14256
18	38	0.966011
18	39	1.01455
18	58	1.00797
18	59	1.13347
18	61	0.986939
18	66	1.06019
18	78	0.917535
18	83	0.927075
18	85	1.05478
18	104	0.99374
18	114	0.936747
18	125	0.982934
19	5	1.08778
19	13	1.10624
19	31	0.926762
19	36	1.02891
19	42	0.863667
19	63	1.01451
19	68	0.975829
19	73	0.947697
19	75	0.935625
19	77	1.11037
19	96	0.936107
19	107	1.09658
19	117	0.946111
19	122	0.999166
19	123	1.01558
19	125	1.02248
20	4	0.963024
20	6	1.0283
20	8	1.02676
20	19	0.986573
20	21	0.89126
20	38	0.982122
20	42	1.11173
20	51	1.02446
20	59	0.946742
20	64	0.963853
20	70	1.1093
20	89	1.0125
20	91	0.956972
20	103	0.956542
20	118	0.954673
20	128	1.06111
21	2	1.05844
21	3	1.06398
21	5	1.1313
21	26	1.05854
21	29	0.994917
21	33	0.827035
21	44	0.974196
21	45	0.908262
21	58	1.05153
21	63	1.05802
21	70	0.854196
21	88	1.02404
21	95	0.934103
21	96	0.979626
21	100	0.94232
21	118	1.05101
22	5	1.04955
22	16	1.0326
22	17	1.1419
22	21	1.05832
22	26	0.976795
22	36	0.990678
22	44	0.892448
22	50	1.02776
22	52	0.979177
22	77	1.07214
22	80	0.908819
22	103	1.07224
22	105	1.03351
22	111	0.997956
22	116	0.981183
22	125	0.984246
23	8	0.975419
23	11	0.955786
23	30	0.948824
23	45	1.02282
23	50	1.04495
23	61	1.02487
23	65	1.10266
23	66	1.09812
23	83	0.965005
23	84	0.944085
23	85	1.09271
23	86	0.948068
23	91	1.05087
23	104	1.03167
23	106	0.949542
23	122	0.985021
24	5	1.08193
24	17	1.07066
24	21	1.0907
24	22	0.927206
24	30	1.07842
24	32	0.947067
24	53	0.997434
24	54	1.00892
24	58	1.00216
24	72	1.06642
24	93	1.09087
24	106	0.938191
24	120	1.04763
24	123	1.00974
24	125	1.01663
24	128	0.928216
25	13	0.947237
25	16	1.05168
25	17	0.946516
25	21	0.883152
25	23	0.951838
25	30	1.08883
25	41	0.965218
25	57	0.96372
25	67	1.05913
25	81	0.967787
25	90	0.948893
25	91	1.04992
25	98	1.11821
25	99	1.09369
25	111	1.05198
25	119	1.04352
26	2	1.01683
26	3	1.02238
26	8	0.959242
26	11	1.05807
26	19	1.01166
26	28	1.02719
26	47	1.02618
26	49	0.93908
26	51	0.957062
26	56	1.04881
26	76	0.954513
26	80	0.94896
26	81	1.04335
26	84	1.03126
26	90	1.06723
26	116	1.02132
27	6	0.958064
27	7	1.06036
27	14	0.95194
27	33	1.08391
27	39	1.05259
27	41	1.07142
27	46	1.00301
27	52	0.925611
27	63	0.976314
27	65	1.10275
27	72	0.951817
27	75	1.01055
27	82	0.949928
27	85	1.09281
27	86	0.948177
27	98	0.867014
28	3	1.02763
28	19	1.01691
28	22	0.940218
28	24	1.00397
28	31	0.907317
28	51	0.967938
28	53	1.01045
28	57	1.07215
28	69	0.948073
28	89	1.00004
28	99	1.08934
28	102	1.06136
28	116	1.02658
28	117	0.953276
28	123	1.02275
28	128	0.941228
29	17	0.909818
29	20	1.00519
29	30	1.12834
29	32	0.996629
29	86	1.12846
29	88	0.922112
29	90	0.912196
29	93	0.933136
29	99	1.13321
29	100	1.0107
29	111	1.01528
29	113	1.0003
29	115	1.00296
29	119	1.00682
29	120	0.937621
29	124	1.15414
30	23	0.982563
30	28	1.00792
30	33	1.04916
30	39	1.01784
30	46	0.968259
30	48	0.893924
30	80	1.16332
30	83	0.930363
30	85	1.05806
30	86	0.913427
30	89	0.925125
30	91	1.12002
30	94	0.922832
30	101	1.00675
30	106	1.0187
30	117	1.10782
31	14	0.993613
31	16	0.953289
31	26	0.897219
31	30	0.990607
31	42	0.830099
31	43	1.0536
31	45	1.06461
31	60	0.941957
31	62	1.05195
31	66	1.13991
31	78	0.997247
31	89	1.00155
31	97	0.989055
31	98	0.8475
31	100	0.956581
31	115	0.933172
32	23	0.956962
32	46	0.96443
32	48	1.10685
32	54	0.921877
32	56	0.958033
32	57	0.959131
32	58	0.951607
32	65	0.965685
32	68	0.965863
32	69	1.01863
32	81	0.963198
32	83	1.11279
32	94	1.05563
32	100	1.04281
32	114	1.08246
32	127	1.02714
33	22	1.02587
33	27	1.05217
33	31	1.13452
33	37	0.899369
33	42	0.804149
33	43	1.04466
33	46	1.03575
33	61	1.05771
33	72	0.984554
33	75	1.04329
33	84	0.898712
33	85	1.12555
33	88	1.01235
33	96	0.997479
33	109	0.931669
33	126	1.0682
34	16	1.04368
34	46	0.959792
34	48	1.10344
34	64	1.11131
34	65	0.962277
34	67	1.05961
34	68	0.961225
34	69	1.01522
34	79	0.95969
34	88	0.950813
34	90	0.940897
34	109	0.976582
34	113	1.029
34	114	1.07905
34	120	0.966322
34	125	0.92193
35	4	0.964792
35	32	0.982956
35	36	1.01074
35	42	1.11349
35	48	0.849308
35	68	1.02475
35	74	1.01914
35	82	1.1027
35	91	0.958739
35	95	0.992324
35	103	0.958309
35	107	0.965096
35	110	1.0328
35	113	0.982323
35	122	1.01687
35	124	0.95999
36	3	1.02991
36	24	1.00626
36	28	1.03473
36	44	0.940126
36	48	0.842505
36	54	1.02421
36	55	1.09841
36	70	0.905615
36	76	0.96205
36	85	0.84507
36	87	0.950862
36	88	1.07546
36	96	0.945556
36	102	1.0844
36	120	1.07672
36	126	0.936566
37	9	1.01453
37	34	0.944747
37	41	1.06701
37	51	1.03109
37	70	1.11593
37	74	1.02399
37	76	1.06701
37	88	1.05341
37	91	0.963596
37	99	0.959727
37	103	0.963165
37	107	0.969952
37	108	1.02224
37	120	1.05467
37	122	1.02173
37	125	0.918075
38	2	1.00112
38	10	1.1029
38	23	1.01005
38	40	0.89103
38	45	1.01567
38	49	0.967109
38	50	1.0378
38	66	1.09097
38	85	1.08555
38	86	0.940913
38	101	1.03423
38	104	1.02451
38	108	1.00435
38	109	0.988895
38	110	0.97876
38	126	1.0282
39	11	0.972397
39	18	0.958858
39	32	0.971703
39	36	0.999489
39	37	0.958026
39	47	0.933061
39	59	1.0862
39	61	1.04148
39	72	0.96832
39	75	1.02705
39	82	0.966431
39	83	0.981616
39	86	0.964679
39	97	0.963883
39	110	0.98019
39	127	0.958139
40	9	1.0503
40	10	0.994423
40	19	0.943266
40	20	1.0568
40	25	0.915269
40	55	0.804785
40	60	1.08784
40	71	1.05743
40	76	1.03518
40	93	0.858424
40	97	1.06574
40	105	1.06247
40	108	1.05801
40	119	0.910437
40	122	1.0575
40	124	1.00062
41	5	0.932409
41	9	1.04871
41	16	1.01351
41	25	1.00212
41	29	0.929985
41	32	0.995163
41	34	0.988403
41	56	0.924458
41	63	1.03615
41	76	1.13125
41	81	0.929624
41	89	1.06527
41	106	0.998911
41	119	1.00535
41	121	0.935156
41	128	1.11388
42	2	0.938299
42	25	0.900442
42	35	1.06695
42	59	0.995119
42	68	1.07136
42	72	1.0268
42	76	1.02035
42	84	0.893114
42	91	1.00535
42	102	0.989869
42	103	1.00492
42	109	1.06494
42	110	1.07941
42	112	0.994764
42	116	0.935289
42	121	1.05763
43	3	0.910894
43	14	0.948366
43	15	0.94335
43	27	1.01586
43	36	0.990713
43	51	0.977746
43	62	1.0067
43	75	1.00698
43	76	1.07583
43	79	1.02126
43	89	0.956301
43	95	1.02061
43	101	1.03792
43	104	1.0282
43	113	0.962294
43	121	1.11311
44	3	0.981047
44	6	1.01408
44	19	0.970329
44	26	0.975607
44	27	1.00629
44	28	0.985861
44	47	0.984852
44	54	0.975344
44	67	1.11618
44	72	1.13388
44	93	1.05729
44	107	1.13854
44	114	0.932309
44	117	0.906694
44	123	0.976165
44	125	0.983058
45	9	0.984933
45	18	0.943978
45	31	1.1034
45	38	1.00567
45	41	1.06749
45	43	1.01355
45	74	0.947062
45	78	0.957196
45	82	0.951551
45	83	0.966736
45	95	1.02581
45	101	1.04312
45	117	1.03482
45	120	1.05514
45	123	0.992979
45	128	1.05011
46	31	1.09429
46	33	1.07641
46	37	0.948817
46	40	0.883251
46	45	1.01544
46	50	1.03757
46	60	0.965455
46	61	1.01748
46	78	0.94808
46	88	1.0618
46	89	0.952381
46	95	1.01669
46	104	1.02429
46	107	1.08651
46	110	0.970981
46	126	1.02797
47	7	1.0431
47	19	1.01804
47	28	1.03357
47	31	0.895443
47	44	0.938966
47	53	1.01157
47	54	1.02305
47	58	1.0163
47	65	1.08549
47	73	0.955986
47	76	0.960891
47	80	0.955338
47	84	1.03764
47	90	1.06623
47	97	1.08471
47	107	1.06526
48	1	1.00145
48	4	1.01314
48	7	0.988994
48	10	1.0277
48	12	1.01032
48	15	1.07364
48	30	1.02643
48	34	1.06151
48	44	1.00033
48	58	0.884081
48	62	0.903226
48	71	0.962336
48	81	1.00273
48	88	0.993757
48	100	1.08234
48	111	1.08693
49	29	0.968259
49	48	1.11155
49	56	0.962732
49	57	0.96383
49	61	0.956953
49	65	0.970384
49	78	1.04282
49	80	1.0952
49	83	1.10964
49	86	1.09092
49	90	0.949004
49	93	0.8956
49	106	1.03718
49	113	1.0371
49	114	1.08716
49	121	0.97343
50	9	0.997835
50	11	0.968622
50	18	0.955084
50	23	1.03004
50	29	1.03766
50	38	1.01678
50	45	1.03566
50	46	1.01574
50	47	0.928835
50	70	0.896939
50	82	0.962656
50	94	0.97031
50	97	0.960109
50	98	0.875982
50	102	1.07572
50	125	0.931448
51	8	1.03183
51	9	1.01298
51	26	0.927059
51	27	0.960597
51	28	0.949181
51	40	1.10483
51	59	0.951809
51	64	0.96892
51	67	0.967103
51	71	1.0201
51	80	1.10458
51	96	1.05327
51	105	1.02514
51	107	0.968395
51	109	1.02163
51	119	0.956999
52	12	1.05722
52	14	1.07324
52	21	1.10127
52	22	0.937775
52	26	1.01975
52	33	0.846613
52	36	1.03363
52	53	1.008
52	54	1.01948
52	55	1.09369
52	58	1.01273
52	78	1.02768
52	87	0.946136
52	121	1.0945
52	122	0.970916
52	125	1.0272
53	3	1.01672
53	12	1.05914
53	36	1.02516
53	40	0.866989
53	47	1.02053
53	52	1.01366
53	62	0.954385
53	65	1.09047
53	77	1.10663
53	80	0.943306
53	92	1.10306
53	93	1.09297
53	114	0.864015
53	117	0.942368
53	118	1.00375
53	124	1.10338
54	2	1.01837
54	14	1.06925
54	15	0.920745
54	18	1.05446
54	26	1.01848
54	53	1.00674
54	55	1.09242
54	56	1.04689
54	73	0.951153
54	76	0.956058
54	77	1.11382
54	79	0.942053
54	80	0.950504
54	92	1.09715
54	118	1.01095
54	123	1.01904
55	12	1.01606
55	23	0.897516
55	24	1.03654
55	26	1.05475
55	28	1.06501
55	36	1.06864
55	44	0.970405
55	45	0.886677
55	49	0.899988
55	51	0.917971
55	65	1.04739
55	77	1.1501
55	78	0.986518
55	93	1.13644
55	96	0.975835
55	128	0.97379
56	1	0.927038
56	7	0.914586
56	9	1.04554
56	11	1.13101
56	14	1.14411
56	32	0.993865
56	49	1.00112
56	63	1.03299
56	65	0.930812
56	74	1.00767
56	100	1.00793
56	105	1.03038
56	113	0.997533
56	114	1.04759
56	115	1.00019
56	127	0.992269
57	10	1.15404
57	12	0.936464
57	15	0.999779
57	29	0.929236
57	41	0.926305
57	45	1.00494
57	49	1.00167
57	65	0.931361
57	81	0.928875
57	85	0.89033
57	87	1.11275
57	100	1.00848
57	102	1.12966
57	119	1.00461
57	126	0.981826
57	127	0.992818
58	1	1.09761
58	19	1.00944
58	24	0.996499
58	26	1.01471
58	30	1.08711
58	35	0.997782
58	38	0.972297
58	44	0.930367
58	51	0.970576
58	52	1.0171
58	55	1.08866
58	63	1.0142
58	69	0.950711
58	77	1.11006
58	117	0.945801
58	118	1.00718
59	8	0.992647
59	33	0.921446
59	40	1.06565
59	60	1.01133
59	67	0.927921
59	69	1.0141
59	70	1.07519
59	90	1.14414
59	92	0.917418
59	99	0.918988
59	103	0.922426
59	107	0.929213
59	122	0.980988
59	123	1.05755
59	126	0.979559
59	127	1.00558
60	4	0.978934
60	6	1.04421
60	12	1.0753
60	37	1.04283
60	59	0.962652
60	62	0.970548
60	63	0.980198
60	73	1.09185
60	99	0.969013
60	102	0.957402
60	107	0.979238
60	112	0.962297
60	118	0.951485
60	122	1.03101
60	124	0.974133
60	126	0.922806
61	13	1.09505
61	18	0.945129
61	24	0.933197
61	33	1.08668
61	45	1.0257
61	53	0.928215
61	60	0.964339
61	62	1.01305
61	65	1.10562
61	68	0.964643
61	78	0.958346
61	89	0.962648
61	93	0.897527
61	95	1.02696
61	97	0.950154
61	104	1.03455
62	7	1.06749
62	14	0.948091
62	18	0.938507
62	23	1.01346
62	33	1.08006
62	38	1.0002
62	39	1.04874
62	40	0.886396
62	58	0.954648
62	61	1.02113
62	85	1.08897
62	86	0.944328
62	90	1.09063
62	101	1.03765
62	117	1.04589
62	123	1.00404
63	2	1.01721
63	24	0.999103
63	35	1.01312
63	39	0.989023
63	59	1.0856
63	70	0.900555
63	73	0.949991
63	77	1.11266
63	80	0.949343
63	84	1.03165
63	85	0.84001
63	95	0.980462
63	98	0.879598
63	116	1.02171
63	123	1.01788
63	125	1.02477
64	4	0.937464
64	8	1.0012
64	23	1.03293
64	37	1.00136
64	39	1.0565
64	50	1.04802
64	51	0.998904
64	60	1.01989
64	85	0.907485
64	92	0.925973
64	99	0.927544
64	107	0.937769
64	110	1.00547
64	114	0.956352
64	124	0.932663
64	125	1.00254
65	1	0.930864
65	12	0.939741
65	16	1.01604
65	17	0.910881
65	34	0.990932
65	56	0.926986
65	62	1.04217
65	66	0.928482
65	67	1.13567
65	88	0.923174
65	93	0.970166
65	98	1.08258
65	104	1.06057
65	106	1.00144
65	121	0.937684
65	128	1.12955
66	2	0.93998
66	14	0.99184
66	18	0.982256
66	22	1.02196
66	39	1.09249
66	43	1.05183
66	46	1.04291
66	48	0.77548
66	55	0.791639
66	72	0.991718
66	74	0.901615
66	78	0.995473
66	79	1.06474
66	85	1.13271
66	99	1.04535
66	124	1.06628
67	6	1.00183
67	10	0.925559
67	18	1.12686
67	35	0.992104
67	50	1.02217
67	51	0.997995
67	55	0.895234
67	58	1.00173
67	64	0.937385
67	74	0.990902
67	89	1.05964
67	91	0.930504
67	92	0.925065
67	97	1.15619
67	105	0.993608
67	122	0.988635
68	1	1.10601
68	2	0.995008
68	4	0.966602
68	6	1.03188
68	10	0.955605
68	24	0.935975
68	42	1.1153
68	51	1.02804
68	53	0.930993
68	54	0.923436
68	64	0.967431
68	67	0.965614
68	71	1.01861
68	83	1.11435
68	92	0.955111
68	116	0.991997
69	9	0.990353
69	12	0.965786
69	17	0.936926
69	28	0.94034
69	30	1.09135
69	32	1.02374
69	47	0.921353
69	66	0.854461
69	80	1.09574
69	81	0.958197
69	100	1.0378
69	111	1.04239
69	113	1.0274
69	114	1.07746
69	116	0.987837
69	127	1.02214
70	10	0.999193
70	19	0.947618
70	24	0.898445
70	29	0.996808
70	35	1.06574
70	38	0.943167
70	61	0.924129
70	68	1.07015
70	74	1.06454
70	102	0.988657
70	103	1.00371
70	105	1.06724
70	107	1.01049
70	109	1.06373
70	116	0.954468
70	117	1.00688
71	3	0.942999
71	20	1.01477
71	24	0.96685
71	42	1.1121
71	48	0.861383
71	67	0.962406
71	70	1.10967
71	77	0.854391
71	99	0.953473
71	100	1.01262
71	102	0.941861
71	105	1.02045
71	106	0.986154
71	108	1.01599
71	122	1.01547
71	126	0.955443
72	7	1.12343
72	14	0.918632
72	15	1.00199
72	26	0.979795
72	29	1.09175
72	30	0.915625
72	43	0.97862
72	45	0.989624
72	46	0.969701
72	49	1.01841
72	50	1.01175
72	66	1.06493
72	75	0.977241
72	83	0.931806
72	89	0.926567
72	108	1.05565
73	5	1.05687
73	19	0.978839
73	22	0.902145
73	26	0.984117
73	51	1.04144
73	54	0.983854
73	55	1.05806
73	61	1.02413
73	63	0.983598
73	64	1.17997
73	75	0.989686
73	101	0.992813
73	116	0.988505
73	117	0.915204
73	126	0.987037
73	128	0.903155
74	5	0.872905
74	6	1.02901
74	18	1.07298
74	20	1.01512
74	22	1.07168
74	35	1.01929
74	68	1.0237
74	70	1.11002
74	77	0.818207
74	83	1.10904
74	91	0.957687
74	104	0.985397
74	107	0.964043
74	110	1.03175
74	124	0.958938
74	128	1.05438
75	10	1.07501
75	23	1.01408
75	25	0.935378
75	27	1.01621
75	31	1.09855
75	33	1.08068
75	42	0.833487
75	57	1.06142
75	66	1.095
75	67	1.04404
75	72	0.948589
75	82	0.9467
75	89	0.956646
75	94	0.954353
75	121	1.09257
75	126	1.03224
76	3	0.992009
76	36	1.00045
76	41	1.13126
76	52	0.988951
76	58	0.979555
76	63	0.98605
76	71	1.08561
76	79	1.02008
76	81	1.11946
76	87	0.912958
76	96	0.907652
76	113	1.01771
76	116	0.990958
76	118	0.979039
76	119	1.00651
76	128	0.905608
77	12	1.00448
77	13	1.02525
77	16	0.905869
77	35	0.933601
77	44	0.981106
77	47	1.0747
77	49	0.888413
77	54	1.06519
77	73	0.998125
77	76	1.00303
77	82	1.01132
77	97	1.03504
77	116	1.06984
77	117	0.996539
77	118	1.05792
77	128	0.984491
78	1	1.14544
78	11	0.924464
78	22	1.11641
78	23	0.985883
78	34	0.994223
78	39	1.02116
78	51	1.0184
78	61	0.993548
78	71	1.07084
78	79	0.993405
78	83	0.933684
78	86	0.916747
78	97	0.915951
78	104	1.00035
78	121	1.15376
78	126	1.00403
79	1	1.10396
79	21	0.887778
79	23	1.02097
79	27	1.02309
79	30	0.952587
79	31	1.10543
79	61	1.02863
79	71	1.02936
79	75	1.0142
79	93	0.898249
79	94	0.961236
79	95	1.02784
79	97	0.951035
79	99	1.09832
79	101	1.04515
79	123	1.0005
80	2	0.983685
80	14	1.15869
80	15	1.01019
80	22	0.901821
80	36	0.997676
80	37	1.01609
80	45	1.0133
80	52	0.986175
80	63	0.983274
80	73	0.916466
80	76	0.921371
80	84	0.99812
80	93	1.06548
80	98	0.938273
80	111	1.00941
80	123	0.984351
81	1	0.929621
81	7	0.917168
81	11	1.12828
81	25	1.00341
81	29	0.93127
81	38	1.02899
81	41	0.928339
81	49	1.0037
81	52	0.979552
81	55	0.894961
81	56	0.925743
81	105	1.02765
81	111	1.0151
81	115	1.00278
81	124	1.1696
81	127	0.994852
82	3	0.969735
82	11	0.921642
82	23	0.983061
82	25	1.01476
82	30	0.914681
82	31	1.06753
82	38	0.969798
82	43	0.977675
82	46	0.968756
82	50	1.01081
82	58	1.01078
82	67	1.12342
82	75	0.976297
82	78	0.921321
82	87	1.1131
82	103	1.07569
83	5	0.95105
83	26	0.995216
83	30	0.922273
83	33	1.05725
83	43	0.985268
83	48	0.903344
83	50	1.0184
83	55	0.919503
83	57	1.15603
83	78	0.928913
83	81	1.1381
83	82	0.923269
83	94	0.930922
83	95	0.997528
83	97	0.920721
83	126	1.0088
84	8	0.972759
84	13	1.08943
84	22	0.942268
84	28	1.03449
84	43	0.956881
84	44	0.939893
84	52	1.02662
84	63	1.02372
84	76	0.961818
84	77	1.11958
84	96	0.945323
84	111	0.935404
84	112	1.08242
84	123	1.0248
84	124	1.11291
84	127	0.942195
85	2	0.927206
85	7	0.998208
85	30	0.986124
85	31	1.13897
85	43	1.04912
85	49	0.893191
85	50	1.08225
85	62	1.04747
85	66	1.13542
85	70	0.825815
85	82	0.987119
85	91	0.988803
85	92	1.05318
85	94	0.994773
85	96	0.980787
85	97	0.984572
86	18	0.907228
86	33	1.04878
86	38	0.968922
86	52	0.994733
86	61	0.98985
86	62	0.97515
86	77	0.886991
86	79	0.989707
86	94	0.922454
86	95	0.98906
86	101	1.00637
86	103	1.08156
86	106	1.01875
86	115	1.02181
86	120	1.12819
86	126	1.00034
87	2	0.980868
87	8	1.02456
87	15	0.987985
87	21	1.0625
87	27	0.999322
87	28	0.991229
87	52	0.983357
87	54	0.980712
87	59	1.12206
87	73	0.913648
87	80	0.912999
87	84	0.995303
87	88	1.10687
87	89	1.05448
87	93	1.06266
87	128	0.900013
88	7	0.91268
88	12	0.934009
88	13	0.905869
88	20	1.01975
88	29	0.926781
88	34	0.985199
88	53	0.978387
88	73	1.14101
88	95	1.02092
88	98	1.07684
88	100	1.00603
88	107	1.13556
88	111	1.01061
88	120	0.932951
88	124	1.1687
88	127	0.990363
89	11	0.926615
89	14	0.92266
89	18	0.913077
89	27	0.990157
89	30	0.919654
89	44	1.09061
89	45	0.993653
89	50	1.01578
89	57	1.10439
89	64	1.1387
89	73	1.11481
89	79	0.995556
89	85	1.06354
89	97	0.918102
89	112	1.11201
89	118	0.974448
90	4	1.14246
90	15	0.992366
90	25	0.993961
90	32	0.987001
90	56	0.916296
90	66	0.918856
90	69	0.97689
90	74	1.01688
90	75	0.987452
90	81	0.921462
90	95	1.03376
90	96	1.10882
90	98	1.07189
90	100	1.00107
90	106	0.990749
90	113	0.990669
91	14	1.13705
91	20	0.985404
91	35	0.989572
91	44	1.11338
91	56	1.11469
91	59	0.917742
91	64	0.934853
91	68	0.993986
91	70	1.0803
91	82	1.12786
91	92	0.922533
91	102	0.912491
91	110	1.00203
91	111	0.987766
91	112	0.917387
91	118	0.997212
92	4	0.931304
92	18	1.15444
92	21	0.965988
92	33	0.942608
92	35	0.986853
92	37	0.995196
92	40	1.06804
92	51	0.992744
92	66	0.934774
92	70	1.07758
92	101	1.0065
92	108	0.983899
92	109	0.984845
92	112	0.914668
92	117	1.12056
92	124	0.926503
93	2	1.05852
93	5	1.13138
93	8	0.946971
93	20	0.938173
93	21	1.14015
93	47	1.06787
93	62	0.938125
93	66	0.824436
93	80	0.990649
93	87	0.985013
93	96	0.979707
93	98	0.838475
93	112	1.05663
93	113	0.929338
93	118	1.05109
93	125	1.06608
94	5	0.922471
94	16	1.02271
94	22	1.12124
94	27	0.989011
94	37	0.994736
94	38	0.973624
94	45	0.992506
94	50	1.01464
94	75	0.980124
94	78	0.925148
94	79	0.994409
94	82	0.919503
94	89	0.929449
94	101	1.01107
94	120	1.10897
94	121	1.1586
95	31	1.10429
95	32	0.967112
95	38	1.00656
95	39	1.0551
95	44	1.07237
95	57	1.08615
95	62	1.01279
95	70	0.896573
95	79	1.02735
95	83	0.967627
95	86	0.95069
95	89	0.962388
95	108	1.00119
95	113	0.966479
95	114	0.884896
95	126	1.03798
96	2	0.978215
96	10	1.13674
96	21	1.05985
96	47	0.987567
96	50	1.01356
96	58	0.971308
96	64	1.15746
96	73	0.910995
96	77	1.07367
96	81	1.10522
96	87	0.904711
96	93	1.06001
96	103	1.05804
96	117	0.909409
96	122	1.03072
96	128	0.89736
97	26	0.991852
97	27	0.983911
97	29	1.10381
97	30	0.913407
97	39	1.01706
97	42	0.924732
97	54	0.992909
97	66	1.06271
97	72	0.916292
97	83	0.929587
97	90	1.15862
97	94	0.922056
97	95	0.988662
97	104	0.996253
97	126	0.999939
97	127	1.02006
98	1	1.00483
98	6	0.915702
98	12	1.01371
98	15	1.07703
98	17	0.98485
98	31	0.870347
98	32	1.07166
98	39	0.934077
98	47	0.877506
98	48	1.14977
98	57	1.00205
98	69	1.06155
98	73	1.04561
98	88	0.997143
98	110	0.924636
98	112	1.0428
99	4	0.93209
99	10	0.921093
99	17	1.1536
99	42	1.08079
99	59	0.915808
99	60	1.01451
99	63	1.04781
99	66	0.924471
99	67	0.931102
99	69	1.02496
99	71	0.984097
99	74	0.986436
99	108	0.984685
99	110	1.0001
99	115	1.02418
99	118	1.0191
100	7	0.957414
100	13	0.950604
100	17	0.949883
100	21	0.895721
100	25	1.04365
100	27	0.961803
100	29	0.971516
100	34	1.02993
100	41	0.968585
100	43	0.971164
100	75	0.933104
100	87	1.06137
100	90	0.952261
100	91	1.06249
100	114	1.09042
100	119	1.04689
101	6	0.946022
101	7	1.04832
101	14	0.962461
101	27	1.02996
101	38	1.01457
101	61	1.0355
101	73	1.07592
101	75	1.02107
101	82	0.96045
101	86	0.958698
101	87	1.0378
101	89	0.970397
101	94	0.968104
101	115	0.940644
101	123	0.984871
101	128	1.042
102	8	0.990022
102	29	1.0862
102	31	0.970218
102	34	1.00666
102	37	0.990175
102	40	1.06302
102	60	1.00871
102	68	0.986246
102	71	0.978291
102	91	0.920231
102	94	1.10905
102	99	0.916363
102	103	0.919801
102	117	1.09627
102	122	0.978363
102	127	1.00245
103	4	0.933808
103	6	0.999084
103	8	0.997547
103	10	0.922812
103	12	1.10177
103	18	1.10299
103	43	0.989981
103	64	0.934637
103	71	0.985816
103	73	1.11832
103	74	0.988155
103	81	1.08997
103	86	1.12033
103	107	0.934113
103	109	0.987349
103	112	0.917172
104	11	0.962829
104	18	0.949291
104	19	0.99578
104	20	0.982991
104	27	1.02637
104	36	1.00257
104	38	1.01098
104	45	1.02987
104	60	0.97775
104	62	1.01721
104	66	1.10517
104	72	0.958752
104	77	0.834148
104	78	0.962508
104	101	1.04843
104	109	0.993411
105	6	1.03058
105	9	1.01019
105	16	0.984184
105	23	0.964255
105	25	0.962884
105	28	0.950235
105	33	0.87219
105	35	1.02085
105	38	0.986431
105	59	0.949023
105	60	1.04773
105	67	0.964317
105	79	0.971621
105	102	0.943773
105	103	0.958823
105	110	1.03331
106	1	0.964879
106	13	0.945617
106	16	1.05006
106	25	1.03867
106	29	0.966528
106	31	0.910758
106	41	0.963598
106	44	1.06182
106	48	1.10982
106	54	0.915839
106	74	0.949045
106	86	1.08803
106	105	0.971757
106	115	1.03804
106	120	0.972698
106	121	0.971699
107	4	0.937202
107	9	0.982088
107	10	0.926206
107	20	0.988582
107	32	1.0239
107	42	1.0859
107	46	1.02574
107	53	0.99074
107	61	1.02141
107	74	0.991548
107	91	0.93115
107	92	0.925711
107	102	0.91567
107	111	1.00355
107	112	0.920565
107	123	1.06231
108	6	1.02864
108	9	1.00825
108	11	1.09473
108	25	0.971897
108	42	1.11207
108	43	0.980025
108	47	0.940261
108	51	1.02481
108	59	0.947086
108	60	1.04579
108	64	0.964197
108	66	0.873368
108	68	1.02333
108	103	0.956885
108	109	1.01691
108	114	0.896686
109	6	1.02929
109	8	1.02775
109	9	1.0089
109	21	0.8966
109	35	1.01957
109	37	1.02791
109	46	0.972754
109	56	1.07749
109	60	1.04644
109	64	0.964845
109	67	0.963028
109	96	1.05535
109	101	0.937109
109	103	0.957534
109	105	1.02107
109	119	0.959083
110	8	1.03525
110	20	1.02289
110	37	1.03541
110	51	1.03295
110	54	0.924749
110	56	1.07204
110	59	0.955232
110	80	1.10121
110	83	1.11566
110	92	0.960022
110	99	0.961593
110	105	1.02857
110	108	1.02411
110	111	0.945114
110	112	0.954877
110	115	0.959645
111	14	1.08195
111	16	1.056
111	29	0.972469
111	35	0.995055
111	41	0.969538
111	52	0.920131
111	57	0.96804
111	64	1.10638
111	65	0.974594
111	77	0.812389
111	81	0.972108
111	84	0.938696
111	88	0.96313
111	102	1.06128
111	106	1.0414
111	120	0.978639
112	2	1.05608
112	3	0.973192
112	6	0.994007
112	37	0.992623
112	40	1.06547
112	44	1.13048
112	59	0.912449
112	68	0.988693
112	71	0.980739
112	86	1.15669
112	105	0.985783
112	109	0.982272
112	119	1.01339
112	122	0.980811
112	124	0.92393
112	126	0.985637
113	3	0.908779
113	7	0.952298
113	11	1.07664
113	13	0.945488
113	15	1.03694
113	32	1.03158
113	34	1.02482
113	49	1.03883
113	50	0.97026
113	88	0.95706
113	92	1.11764
113	101	0.926999
113	106	1.03533
113	114	1.0853
113	118	0.949903
113	120	0.972569
114	13	0.969989
114	15	1.06144
114	25	1.06304
114	28	0.901132
114	35	0.962813
114	39	0.938717
114	45	0.904314
114	58	0.909797
114	69	1.04597
114	98	1.14096
114	101	0.886976
114	110	0.929275
114	113	1.05975
114	115	1.06241
114	119	1.06627
114	127	1.05448
115	4	1.07617
115	5	0.872151
115	13	0.946902
115	15	1.03836
115	17	0.946181
115	20	0.966296
115	25	1.03995
115	29	0.967814
115	34	1.02623
115	48	1.1111
115	72	1.07744
115	90	0.948559
115	94	1.05113
115	95	0.967461
115	106	1.03674
115	121	0.972985
116	5	1.09258
116	8	0.993032
116	15	0.956456
116	19	1.01455
116	22	0.937856
116	24	1.00161
116	25	0.969026
116	39	0.993961
116	42	0.867136
116	53	1.00808
116	62	0.984186
116	73	0.9525
116	84	1.03415
116	92	1.13286
116	96	0.94091
116	118	1.0123
117	3	0.988764
117	4	1.12009
117	26	0.983324
117	44	0.898977
117	47	0.992569
117	53	0.971581
117	54	0.983061
117	55	1.05727
117	76	0.920902
117	78	1.08539
117	84	0.997652
117	104	1.02857
117	108	1.0361
117	112	1.12868
117	119	0.990183
117	123	0.983882
118	5	1.08721
118	19	1.00917
118	20	0.964009
118	24	0.996234
118	28	1.0247
118	37	0.94213
118	53	1.00271
118	58	1.00744
118	73	0.947123
118	82	1.07555
118	84	1.02878
118	87	0.940839
118	96	0.935533
118	100	0.973392
118	103	1.00973
118	108	0.989882
119	7	0.954318
119	13	0.947508
119	27	0.948783
119	34	1.02684
119	36	0.984809
119	56	0.962893
119	57	0.963991
119	60	0.959984
119	62	0.965177
119	79	0.958754
119	80	1.09277
119	81	0.968058
119	88	0.959081
119	91	1.04947
119	98	1.11848
119	114	1.08732
120	13	0.913624
120	32	0.999714
120	34	0.992954
120	41	0.931605
120	43	1.0133
120	47	0.973534
120	57	0.930107
120	65	0.936661
120	71	1.07944
120	88	0.925197
120	94	1.10521
120	98	1.0846
120	99	1.1484
120	106	1.00346
120	118	1.00127
120	121	0.939706
121	1	0.932387
121	10	1.16962
121	12	0.941264
121	15	1.00458
121	16	1.01756
121	36	1.06477
121	49	1.00647
121	55	0.919499
121	57	0.929607
121	69	0.989103
121	77	0.896348
121	81	0.933675
121	84	1.02265
121	90	0.914781
121	105	1.05219
121	111	1.01787
122	5	0.889394
122	23	0.969701
122	37	1.02689
122	40	1.09973
122	42	1.1117
122	46	0.977169
122	69	0.970291
122	71	1.015
122	74	1.01734
122	76	1.08824
122	79	0.977067
122	91	0.956942
122	102	0.941462
122	105	1.02005
122	114	0.89312
122	124	0.958193
123	21	1.09959
123	24	0.999851
123	32	0.981088
123	34	0.971732
123	40	0.901846
123	53	1.00632
123	55	1.09201
123	60	0.98405
123	63	1.01755
123	76	0.955644
123	84	1.03239
123	85	0.850004
123	87	0.944455
123	104	1.00764
123	105	0.996286
123	116	1.02245
124	1	1.18233
124	4	0.934649
124	37	0.998541
124	51	0.996089
124	52	1.00757
124	54	0.999751
124	55	0.922982
124	64	0.935478
124	68	0.994611
124	71	0.986656
124	85	0.909387
124	92	0.923158
124	99	0.924729
124	108	0.987244
124	110	1.00266
124	125	1.00444
125	6	0.942174
125	13	1.07629
125	14	1.07154
125	16	0.956913
125	22	0.940398
125	24	1.00415
125	41	1.05553
125	55	1.09631
125	58	1.01536
125	76	0.959947
125	87	0.948758
125	93	1.10406
125	115	0.936796
125	116	1.02676
125	117	0.953456
125	128	0.941407
126	11	0.965418
126	17	1.06422
126	18	0.95188
126	23	1.02684
126	27	1.02896
126	30	0.958457
126	33	1.09343
126	35	0.982654
126	43	1.02145
126	46	1.01253
126	56	1.0472
126	71	1.00789
126	72	0.961342
126	83	0.974638
126	93	0.876778
126	112	1.06729
127	4	1.07407
127	16	1.04616
127	17	0.941002
127	37	0.942325
127	46	0.957835
127	61	0.953505
127	65	0.964759
127	69	1.0177
127	79	0.957733
127	90	0.943379
127	94	1.04904
127	100	1.04188
127	104	0.982552
127	111	1.04646
127	115	1.03414
127	119	1.038
128	5	1.05006
128	18	1.1238
128	21	1.05882
128	31	0.96386
128	36	0.991183
128	49	1.0065
128	52	0.979682
128	63	0.97678
128	74	1.00215
128	82	1.1294
128	84	0.991627
128	87	0.903689
128	93	1.05899
128	96	0.898383
128	102	1.11791
128	123	0.977858
