1	17	2.79371
1	22	2.96728
1	24	2.79946
1	31	2.67094
1	55	2.8066
1	72	2.80404
1	91	0.977774
1	93	2.79151
1	94	2.95299
1	98	2.84611
1	99	2.93431
1	106	2.77493
1	114	2.951
1	123	2.79506
1	125	2.6826
1	128	2.96747
2	3	2.84922
2	19	4.0504
2	40	2.98699
2	42	2.86369
2	52	2.70258
2	62	2.74314
2	64	2.68793
2	77	2.8621
2	80	2.60671
2	95	2.73418
2	109	1.67283
2	110	3.00146
2	111	2.85443
2	116	2.9914
2	119	2.96369
2	121	2.86076
3	2	2.99911
3	16	2.94036
3	25	2.9478
3	42	2.8078
3	52	2.64669
3	62	2.68725
3	65	2.93875
3	80	2.55081
3	92	4.34359
3	95	2.67828
3	96	2.79801
3	105	2.65851
3	111	2.79854
3	116	2.93551
3	119	2.9078
3	121	2.80487
4	11	2.78497
4	13	2.93601
4	14	5.77149
4	28	2.80098
4	29	2.76152
4	33	2.90839
4	35	2.7865
4	43	2.93179
4	45	2.76234
4	54	2.76099
4	67	2.76475
4	81	2.94574
4	97	2.65848
4	107	2.907
4	112	0.656194
4	115	2.7778
5	8	2.74713
5	23	2.90381
5	34	2.73308
5	35	4.24054
5	48	2.74123
5	50	2.89258
5	56	3.01425
5	62	4.04427
5	63	2.74512
5	73	2.89199
5	91	2.99699
5	108	2.74256
5	109	2.87903
5	112	3.01149
5	118	2.87433
5	124	2.74144
6	9	2.83031
6	13	2.99904
6	19	2.83476
6	21	2.96158
6	28	2.86401
6	49	2.85508
6	61	2.71423
6	66	2.94752
6	69	2.87484
6	97	2.72152
6	107	2.97003
6	113	2.70004
6	114	0.000586686
6	115	2.84083
6	117	2.84578
6	123	3.73526
7	2	2.93665
7	14	2.61713
7	16	2.87791
7	34	9.04831
7	37	2.88761
7	42	2.74534
7	62	2.62479
7	64	2.56958
7	77	2.74375
7	80	2.48836
7	84	2.87878
7	85	2.86576
7	96	2.73556
7	105	2.59606
7	111	2.73608
7	116	2.87305
8	20	2.64082
8	23	2.75054
8	27	2.91354
8	34	2.5798
8	44	2.73449
8	48	2.58795
8	53	2.85922
8	56	2.86097
8	57	2.88845
8	71	2.69977
8	79	2.73039
8	91	2.84371
8	107	3.14781
8	108	2.58929
8	109	2.72575
8	118	2.72105
9	19	2.77039
9	21	2.8972
9	29	2.76018
9	33	2.90705
9	39	2.90928
9	45	2.761
9	49	2.7907
9	53	3.05941
9	61	2.64985
9	66	2.88315
9	69	2.81047
9	76	2.93309
9	95	2.1854
9	107	2.90566
9	113	2.63567
9	115	2.77646
10	1	2.70961
10	22	2.89574
10	36	2.73869
10	41	2.58193
10	46	2.75416
10	51	2.77458
10	56	2.24693
10	58	2.74211
10	72	2.73249
10	92	2.88624
10	93	2.71997
10	94	2.88144
10	98	2.77456
10	99	2.86277
10	122	2.61695
10	128	2.89592
11	6	2.96375
11	9	2.77827
11	33	2.91938
11	35	2.79749
11	59	2.91542
11	61	2.66218
11	66	2.89548
11	67	2.77574
11	69	2.8228
11	89	2.6565
11	97	2.66947
11	107	2.91799
11	110	0.515265
11	117	2.79374
11	124	5.38043
11	126	2.79005
12	6	2.6404
12	10	2.64843
12	22	2.96191
12	23	1.8512
12	24	2.79409
12	41	2.64811
12	46	2.82033
12	47	2.78144
12	51	2.84076
12	55	2.80123
12	72	2.79867
12	92	2.95242
12	106	2.76956
12	114	2.94563
12	125	2.67723
12	128	2.9621
13	9	2.82778
13	15	2.25074
13	19	2.83223
13	25	2.28132
13	33	2.96889
13	39	2.97112
13	43	2.99229
13	54	2.82149
13	61	2.71169
13	66	2.94499
13	69	2.87231
13	75	2.70849
13	76	2.99493
13	113	2.69751
13	115	2.8383
13	126	2.83956
14	2	2.93282
14	16	2.87407
14	32	2.61958
14	38	2.86177
14	62	2.62096
14	65	2.87246
14	74	2.85387
14	78	2.89106
14	80	2.48452
14	95	2.61199
14	101	2.61952
14	102	3.28077
14	110	2.87928
14	111	2.73225
14	121	2.73857
14	127	2.75384
15	5	2.88275
15	10	6.80114
15	23	2.73289
15	27	2.89589
15	44	2.71683
15	53	2.84156
15	56	2.84332
15	57	2.8708
15	68	2.82834
15	73	2.72106
15	82	2.87738
15	83	2.70607
15	90	2.97294
15	102	2.85041
15	109	2.7081
15	118	2.7034
16	7	2.75135
16	14	2.74368
16	42	2.87189
16	53	3.23173
16	64	2.69613
16	76	0.00272703
16	77	2.8703
16	78	3.02145
16	84	3.00533
16	85	2.99231
16	96	2.86211
16	101	2.7499
16	111	2.86263
16	116	2.99961
16	119	2.9719
16	121	2.86896
17	1	2.7843
17	2	2.15986
17	10	2.65695
17	12	2.8161
17	24	2.80261
17	26	2.95463
17	46	2.82885
17	47	2.78995
17	72	2.80719
17	86	2.65169
17	92	2.96093
17	93	2.79466
17	94	2.95613
17	103	2.81447
17	122	2.69164
17	123	2.7982
18	12	2.74575
18	22	2.90008
18	24	2.73225
18	36	2.74302
18	37	3.19886
18	47	2.7196
18	51	2.77892
18	60	2.90029
18	72	2.73683
18	86	2.58134
18	92	2.89058
18	94	2.88578
18	98	2.7789
18	103	2.74412
18	114	2.88379
18	122	2.62128
19	4	2.78945
19	6	2.96761
19	11	2.79982
19	13	2.95086
19	33	2.92324
19	35	2.80135
19	39	2.92547
19	45	2.77719
19	61	2.66604
19	67	2.7796
19	75	2.66284
19	81	2.96059
19	94	4.04473
19	113	2.65186
19	115	2.79265
19	126	2.79391
20	8	2.61734
20	15	2.58203
20	23	2.77402
20	34	2.60329
20	44	2.75797
20	48	2.61144
20	63	2.61533
20	70	2.76497
20	73	2.7622
20	79	2.75387
20	91	2.8672
20	99	4.75746
20	104	2.77371
20	109	2.74924
20	112	2.8817
20	124	2.61165
21	6	3.02505
21	11	2.85727
21	29	2.83381
21	30	2.84521
21	35	2.85879
21	39	2.98291
21	43	3.00409
21	45	2.83463
21	54	2.83329
21	69	2.88411
21	81	3.01803
21	88	4.54339
21	90	0.133351
21	107	2.9793
21	117	2.85505
21	126	2.85136
22	1	2.85059
22	18	2.73191
22	24	2.8689
22	30	3.78044
22	31	2.74038
22	32	5.26911
22	36	2.87967
22	41	2.72292
22	46	2.89514
22	51	2.91557
22	55	2.87604
22	88	2.72261
22	92	3.02723
22	93	2.86095
22	106	2.84437
22	114	3.02044
23	15	2.64707
23	48	2.67647
23	53	2.94774
23	57	2.97698
23	63	2.68036
23	70	2.83001
23	71	2.78829
23	79	2.81891
23	91	2.93224
23	102	2.95658
23	104	2.83874
23	108	2.67781
23	117	5.06719
23	118	2.80958
23	120	2.81136
23	124	2.67669
24	1	2.7857
24	12	2.81751
24	18	2.66703
24	31	2.6755
24	36	2.81478
24	38	2.17694
24	47	2.79136
24	51	2.85068
24	55	2.81115
24	60	2.97205
24	82	0.000234167
24	98	2.85066
24	99	2.93887
24	122	2.69304
24	125	2.68715
24	128	2.97202
25	14	2.7474
25	16	3.00817
25	27	2.28276
25	32	2.75369
25	33	1.80058
25	37	3.01788
25	52	2.7145
25	62	2.75506
25	64	2.69985
25	65	3.00657
25	78	3.02516
25	84	3.00905
25	105	2.72633
25	111	2.86635
25	121	2.87268
25	127	2.88794
26	10	2.72819
26	12	2.88735
26	17	2.86811
26	22	3.04168
26	24	2.87385
26	31	2.74534
26	54	5.11451
26	55	2.88099
26	71	3.91605
26	72	2.87843
26	86	2.72294
26	88	2.72757
26	93	2.8659
26	94	3.02738
26	125	2.75699
26	128	3.04186
27	5	3.04117
27	8	2.73462
27	11	3.14678
27	15	2.69932
27	20	2.78159
27	23	2.8913
27	34	2.72057
27	50	2.88007
27	63	2.73261
27	71	2.84053
27	73	2.87948
27	79	2.87116
27	83	2.86449
27	100	2.00303
27	104	2.89099
27	108	2.73005
28	4	2.79873
28	11	2.80911
28	21	2.92268
28	30	2.79705
28	43	2.95593
28	49	2.81618
28	54	2.78513
28	75	2.67212
28	76	2.95856
28	81	2.96987
28	83	2.01777
28	89	2.66965
28	97	2.68262
28	113	2.66115
28	115	2.80193
28	128	2.06098
29	4	2.78372
29	13	2.94513
29	19	2.78085
29	21	2.90767
29	30	2.78204
29	43	2.94092
29	59	2.91355
29	69	2.82093
29	75	2.65711
29	76	2.94355
29	81	2.95486
29	89	2.65464
29	104	4.20917
29	113	2.64613
29	115	2.78692
29	117	2.79187
30	4	2.78398
30	13	2.94539
30	19	2.78112
30	21	2.90793
30	28	2.81037
30	33	2.91778
30	45	2.77172
30	49	2.80143
30	59	2.91381
30	61	2.66058
30	75	2.65737
30	76	2.94381
30	90	1.82759
30	97	2.66787
30	107	2.91639
30	117	2.79214
31	10	2.59083
31	12	2.74998
31	17	2.73074
31	18	2.5995
31	26	2.88851
31	36	2.74726
31	46	2.76273
31	55	2.74363
31	60	2.90453
31	72	2.74107
31	94	2.89001
31	97	7.54064
31	103	2.74835
31	122	2.62552
31	123	2.73208
31	125	2.61962
32	3	2.73019
32	7	2.62411
32	14	2.61644
32	37	2.88692
32	38	2.86492
32	52	2.58354
32	64	2.56889
32	65	2.87561
32	74	2.85701
32	77	2.74306
32	78	2.8942
32	81	3.78369
32	100	2.86441
32	105	2.59536
32	121	2.74172
32	127	2.75698
33	4	2.85182
33	6	3.02998
33	9	2.8445
33	13	3.01323
33	29	2.83874
33	35	2.86372
33	46	4.68804
33	49	2.86926
33	59	2.98165
33	61	2.72841
33	66	2.96171
33	67	2.84197
33	76	3.01165
33	109	1.52396
33	115	2.85502
33	126	2.85628
34	5	2.89338
34	15	2.55153
34	20	2.6338
34	27	2.90652
34	44	2.72746
34	50	2.73228
34	56	2.85395
34	63	2.58482
34	68	2.83897
34	71	2.69274
34	90	2.98357
34	102	2.86104
34	112	2.85119
34	114	0.00174622
34	120	2.71582
34	124	2.58114
35	4	2.79579
35	11	2.80617
35	21	2.91973
35	27	1.62217
35	29	2.78271
35	30	2.79411
35	43	2.95298
35	45	2.78353
35	49	2.81324
35	59	2.92562
35	61	2.67238
35	69	2.833
35	75	2.66918
35	115	2.79899
35	117	2.80394
35	126	2.80026
36	18	2.65662
36	22	2.96143
36	26	2.94563
36	31	2.66509
36	46	2.81985
36	50	6.6795
36	88	2.64732
36	92	2.95193
36	98	2.84025
36	103	2.80547
36	114	2.94515
36	118	0.278396
36	122	2.68264
36	123	2.7892
36	125	2.67674
36	128	2.96161
37	2	3.06806
37	3	2.86228
37	14	2.74853
37	16	3.00931
37	40	3.00005
37	42	2.87675
37	52	2.71564
37	64	2.70099
37	74	2.98911
37	80	2.61976
37	84	3.01018
37	98	2.84227
37	111	2.86749
37	112	1.49664
37	119	2.97675
37	121	2.87381
38	2	3.05706
38	3	2.85128
38	25	3.00574
38	32	2.74382
38	40	2.98904
38	42	2.86575
38	51	4.65832
38	52	2.70464
38	64	2.68998
38	74	2.97811
38	92	2.21116
38	96	2.85596
38	100	2.98551
38	110	3.00352
38	111	2.85649
38	119	2.96575
39	3	2.49667
39	4	2.85293
39	9	2.84561
39	13	3.01434
39	28	2.87931
39	29	2.83985
39	30	2.85125
39	33	2.98672
39	43	3.01012
39	49	2.87038
39	67	2.84308
39	69	2.89014
39	78	0.760774
39	107	2.98533
39	113	2.71534
39	115	2.85613
40	3	2.8528
40	25	3.00726
40	38	2.98753
40	42	2.86726
40	62	2.74671
40	64	2.6915
40	65	2.99822
40	74	2.97962
40	85	2.98768
40	87	6.23816
40	98	2.63282
40	100	2.98702
40	101	2.74527
40	105	2.71798
40	116	2.99497
40	127	2.87959
41	17	2.71556
41	18	2.58432
41	24	2.72131
41	26	2.87334
41	36	2.73208
41	47	2.70866
41	51	2.76798
41	92	2.87964
41	93	2.71336
41	94	2.87484
41	99	2.85616
41	103	2.73317
41	106	2.69678
41	114	2.87285
41	125	2.60445
41	128	2.88932
42	3	2.78961
42	7	2.68354
42	14	2.67586
42	16	2.93664
42	32	2.68215
42	37	2.94634
42	47	3.18569
42	57	4.23618
42	78	2.95363
42	80	2.54709
42	85	2.92449
42	100	2.92384
42	101	2.68209
42	105	2.65479
42	111	2.79482
42	116	2.93179
43	2	1.16911
43	4	2.86352
43	9	2.8562
43	11	2.87389
43	16	3.03686
43	29	2.85044
43	30	2.86184
43	45	2.85126
43	54	2.84991
43	59	2.99335
43	66	2.97341
43	67	2.85367
43	75	2.73691
43	81	3.03466
43	89	2.73444
43	97	2.7474
44	5	2.96374
44	8	2.65718
44	20	2.70416
44	21	2.49633
44	27	2.97687
44	53	2.92255
44	56	2.9243
44	79	2.79372
44	87	2.80843
44	93	4.11029
44	102	2.93139
44	108	2.65262
44	112	2.92155
44	118	2.78439
44	120	2.78617
44	124	2.6515
45	4	2.78643
45	6	2.9646
45	9	2.77912
45	11	2.79681
45	21	2.91038
45	28	2.81282
45	35	2.79833
45	39	2.92245
45	43	2.94363
45	52	7.73843
45	54	2.77283
45	59	2.91626
45	89	2.65735
45	97	2.67032
45	107	2.91884
45	126	2.7909
46	1	2.79205
46	3	2.21289
46	10	2.66469
46	12	2.82385
46	17	2.80461
46	26	2.96238
46	31	2.68184
46	55	2.8175
46	58	2.82455
46	60	2.9784
46	85	2.14687
46	86	2.65944
46	88	2.66407
46	98	2.857
46	123	2.80595
46	128	2.97836
47	1	2.78583
47	22	2.97196
47	41	2.65815
47	51	2.85081
47	58	2.81833
47	60	2.97218
47	86	2.65322
47	88	2.65785
47	92	2.96246
47	94	2.95766
47	96	2.88066
47	99	2.93899
47	106	2.7796
47	122	2.69317
47	123	2.79973
47	128	2.97214
48	15	2.5556
48	20	2.63787
48	23	2.74759
48	36	2.09488
48	44	2.73153
48	56	2.85802
48	57	2.8855
48	63	2.58889
48	70	2.73853
48	71	2.69682
48	82	2.89208
48	87	2.74215
48	90	2.98764
48	91	2.84076
48	104	2.74727
48	109	2.7228
49	4	2.79469
49	9	2.78737
49	19	2.79182
49	28	2.82107
49	30	2.79301
49	39	2.93071
49	40	0.00640762
49	45	2.78243
49	54	2.78109
49	59	2.92452
49	61	2.67129
49	66	2.90458
49	76	2.95452
49	89	2.66561
49	113	2.6571
49	126	2.79916
50	5	2.97366
50	15	2.6318
50	20	2.71408
50	22	0.000594862
50	27	2.9868
50	34	2.65306
50	53	2.93247
50	63	2.6651
50	73	2.81197
50	78	2.37034
50	102	2.94132
50	104	2.82348
50	109	2.79901
50	118	2.79431
50	120	2.7961
50	124	2.66142
51	9	3.80292
51	10	2.6775
51	18	2.68618
51	24	2.82317
51	31	2.69465
51	36	2.83394
51	41	2.67718
51	45	0.590806
51	46	2.84941
51	47	2.81051
51	72	2.82774
51	86	2.67225
51	88	2.67688
51	93	2.81522
51	106	2.79863
51	123	2.81876
52	2	2.91637
52	14	2.59685
52	25	2.86506
52	38	2.84532
52	40	2.84836
52	55	1.31291
52	62	2.60451
52	74	2.83742
52	77	2.72346
52	84	2.8585
52	105	2.57577
52	110	2.86283
52	111	2.7158
52	119	2.82506
52	121	2.72213
52	127	2.73739
53	5	3.03309
53	13	1.05254
53	20	2.77351
53	34	2.71249
53	44	2.86717
53	50	2.87198
53	68	2.97867
53	70	2.87417
53	71	2.83245
53	73	2.87139
53	82	3.02772
53	83	2.85641
53	84	1.70866
53	91	2.9764
53	102	3.00074
53	109	2.85843
54	6	2.95686
54	9	2.77138
54	11	2.78907
54	21	2.90264
54	28	2.80508
54	29	2.76561
54	33	2.91249
54	39	2.91471
54	45	2.76643
54	56	1.57118
54	59	2.90852
54	67	2.76884
54	75	2.65208
54	81	2.94983
54	115	2.78189
54	126	2.78316
55	1	2.77144
55	10	2.64409
55	18	2.65277
55	20	4.29466
55	24	2.78975
55	30	3.44297
55	36	2.80053
55	47	2.7771
55	51	2.83642
55	58	2.80394
55	60	2.95779
55	92	2.94808
55	94	2.94328
55	106	2.76522
55	122	2.67878
55	125	2.67289
56	8	2.72741
56	23	2.8841
56	27	3.0471
56	42	1.625
56	48	2.72151
56	68	2.97955
56	79	2.86395
56	87	2.87866
56	90	3.12415
56	91	2.97727
56	102	3.00162
56	108	2.72285
56	109	2.85931
56	112	2.99177
56	120	2.8564
56	126	3.61133
57	15	2.70585
57	34	2.72711
57	44	2.88179
57	48	2.73525
57	50	2.8866
57	53	3.00652
57	71	2.84707
57	79	2.87769
57	82	3.04234
57	90	3.1379
57	91	2.99101
57	99	1.97521
57	100	2.27728
57	108	2.73659
57	109	2.87305
57	124	2.73547
58	1	2.79044
58	12	2.82224
58	22	2.97657
58	36	2.81952
58	38	0.00518445
58	41	2.66276
58	46	2.83499
58	47	2.79609
58	60	2.97679
58	72	2.81332
58	86	2.65783
58	88	2.66246
58	98	2.85539
58	99	2.9436
58	122	2.69778
58	125	2.69188
59	4	2.84983
59	6	3.028
59	9	2.84252
59	11	2.86021
59	13	3.01124
59	19	2.84697
59	21	2.97378
59	28	2.87622
59	33	2.98363
59	45	2.83757
59	54	2.83623
59	66	2.95973
59	75	2.72322
59	77	0.373846
59	105	6.434
59	113	2.71225
60	1	2.86646
60	17	2.87902
60	24	2.88477
60	31	2.75625
60	39	2.22216
60	41	2.73878
60	51	2.93144
60	55	2.89191
60	58	2.89896
60	70	6.25612
60	86	2.73385
60	98	2.93141
60	103	2.89663
60	106	2.86023
60	114	3.03631
60	122	2.7738
61	4	2.72322
61	9	2.7159
61	13	2.88463
61	28	2.7496
61	30	2.72154
61	33	2.85701
61	35	2.73512
61	43	2.88041
61	49	2.74066
61	59	2.85305
61	67	2.71337
61	76	2.88305
61	83	3.63454
61	89	2.59413
61	97	2.6071
61	113	2.58563
62	2	2.93665
62	3	2.73087
62	7	2.6248
62	16	2.8779
62	32	2.62341
62	37	2.88761
62	41	5.00668
62	52	2.58423
62	64	2.56958
62	80	2.48835
62	85	2.86576
62	96	2.73555
62	101	2.62335
62	110	2.88311
62	119	2.84534
62	121	2.74241
63	5	2.8994
63	20	2.63982
63	23	2.74953
63	44	2.73348
63	47	2.98584
63	50	2.73829
63	53	2.85821
63	56	2.85996
63	57	2.88745
63	73	2.7377
63	79	2.72938
63	87	2.74409
63	102	2.86705
63	104	2.74921
63	108	2.58828
63	120	2.72183
64	13	3.46598
64	16	2.8503
64	25	2.85773
64	37	2.86
64	38	2.838
64	40	2.84103
64	65	2.84869
64	74	2.83009
64	80	2.46075
64	84	2.85117
64	85	2.83815
64	100	2.83749
64	101	2.59574
64	110	2.8555
64	121	2.7148
64	127	2.73006
65	7	2.75055
65	14	2.74288
65	16	3.00365
65	25	3.01109
65	29	2.1383
65	41	4.04447
65	42	2.87109
65	64	2.69533
65	77	2.8695
65	84	3.00453
65	85	2.99151
65	95	2.74158
65	100	2.99085
65	105	2.7218
65	110	3.00886
65	119	2.97109
66	9	2.83255
66	11	2.85024
66	28	2.86625
66	39	2.97588
66	43	2.99706
66	59	2.9697
66	69	2.87708
66	76	2.99969
66	81	3.011
66	89	2.71078
66	102	1.04087
66	107	2.97227
66	115	2.84307
66	117	2.84802
66	123	3.58505
66	126	2.84433
67	6	2.95658
67	13	2.93982
67	19	2.77555
67	23	2.13389
67	29	2.76533
67	30	2.77673
67	35	2.79032
67	43	2.93561
67	45	2.76615
67	54	2.76481
67	59	2.90824
67	66	2.88831
67	69	2.81563
67	107	2.91082
67	116	2.79859
67	117	2.78657
68	5	3.02648
68	20	2.76689
68	23	2.87661
68	31	1.50897
68	53	2.98529
68	63	2.71791
68	70	2.86755
68	71	2.82584
68	82	3.0211
68	83	2.84979
68	87	2.87117
68	90	3.11666
68	96	3.46564
68	104	2.87629
68	109	2.85182
68	118	2.84712
69	9	2.78152
69	11	2.79921
69	26	0.00177183
69	29	2.77575
69	30	2.78716
69	35	2.80074
69	45	2.77658
69	61	2.66543
69	67	2.77899
69	75	2.66223
69	76	2.94867
69	80	9.05088
69	97	2.67272
69	107	2.92124
69	115	2.79204
69	117	2.79699
70	34	2.65307
70	40	0.177122
70	48	2.66122
70	53	2.93248
70	57	2.96172
70	63	2.66511
70	68	2.91926
70	71	2.77303
70	77	2.61432
70	79	2.80365
70	83	2.79699
70	87	2.81836
70	91	2.91698
70	118	2.79432
70	120	2.79611
70	124	2.66143
71	8	2.65022
71	44	2.79086
71	48	2.64432
71	53	2.91559
71	56	2.91734
71	57	2.94482
71	65	1.13645
71	68	2.90236
71	70	2.79786
71	73	2.79508
71	79	2.78676
71	83	2.78009
71	90	3.04697
71	102	2.92443
71	118	2.77742
71	120	2.77921
72	10	2.65895
72	12	2.81811
72	18	2.66763
72	25	2.68125
72	26	2.95664
72	47	2.79196
72	51	2.85128
72	58	2.8188
72	60	2.97266
72	81	2.60083
72	88	2.65833
72	93	2.79666
72	94	2.95814
72	106	2.78008
72	114	2.95616
72	123	2.80021
73	8	2.67194
73	20	2.71891
73	27	2.99163
73	34	2.65789
73	44	2.81257
73	49	4.53476
73	53	2.9373
73	63	2.66993
73	79	2.80847
73	82	2.97312
73	87	2.82318
73	91	2.9218
73	108	2.66737
73	109	2.80384
73	112	2.9363
73	124	2.66625
74	2	3.0531
74	7	2.74125
74	25	3.00179
74	37	3.00406
74	38	2.98206
74	39	3.56959
74	42	2.86179
74	52	2.70068
74	62	2.74125
74	78	3.01135
74	82	0.000311755
74	85	2.98221
74	95	2.73228
74	100	2.98156
74	116	2.98951
74	121	2.85886
75	6	2.89978
75	13	2.88302
75	28	2.748
75	30	2.71993
75	33	2.85541
75	49	2.73906
75	61	2.59821
75	66	2.83151
75	67	2.71176
75	76	2.88144
75	81	2.89275
75	89	2.59253
75	97	2.6055
75	113	2.58403
75	116	5.2672
75	117	2.72977
76	6	3.043
76	19	2.86197
76	29	2.85175
76	30	2.86315
76	39	3.00085
76	59	2.99466
76	61	2.74143
76	75	2.73822
76	79	2.06566
76	81	3.03597
76	89	2.73575
76	97	2.74872
76	107	2.99724
76	113	2.72725
76	117	2.87299
76	121	2.84817
77	3	2.80102
77	7	2.69494
77	25	2.95548
77	32	2.69356
77	38	2.93575
77	42	2.81548
77	52	2.65438
77	63	6.06388
77	74	2.92785
77	78	2.96504
77	80	2.5585
77	95	2.68597
77	96	2.8057
77	116	2.9432
77	119	2.91549
77	127	2.82782
78	3	2.86592
78	14	2.75218
78	32	2.75846
78	37	3.02266
78	40	3.00369
78	62	2.75984
78	65	3.01134
78	74	2.99275
78	95	2.75087
78	96	2.8706
78	101	2.7584
78	103	3.45539
78	105	2.7311
78	111	2.87113
78	115	2.4642
78	127	2.89272
79	5	2.96347
79	15	2.62161
79	16	2.77739
79	23	2.8136
79	34	2.64287
79	48	2.65101
79	50	2.80236
79	68	2.90905
79	70	2.80454
79	71	2.76283
79	82	2.9581
79	90	3.05366
79	106	4.20369
79	108	2.65235
79	112	2.92127
79	120	2.7859
80	2	2.86608
80	7	2.55423
80	14	2.54656
80	25	2.81477
80	32	2.55284
80	37	2.81704
80	38	2.79503
80	40	2.79807
80	64	2.49901
80	74	2.78713
80	78	2.82432
80	84	2.80821
80	95	2.54525
80	96	2.66498
80	110	2.81254
80	127	2.6871
81	9	2.86317
81	11	2.88086
81	19	2.86762
81	30	2.86881
81	35	2.88239
81	49	2.88794
81	54	2.85689
81	57	0.566132
81	59	3.00032
81	61	2.74708
81	66	2.98038
81	67	2.86064
81	89	2.74141
81	97	2.75438
81	113	2.7329
81	125	2.09722
82	5	3.0078
82	15	2.66594
82	20	2.74821
82	44	2.84188
82	48	2.69534
82	63	2.69923
82	68	2.95338
82	70	2.84887
82	73	2.8461
82	86	4.85706
82	90	3.09799
82	102	2.97545
82	108	2.69668
82	112	2.9656
82	113	4.44219
82	124	2.69556
83	5	2.97706
83	8	2.67051
83	15	2.63521
83	48	2.66461
83	63	2.6685
83	68	2.92265
83	73	2.81537
83	79	2.80705
83	82	2.97169
83	91	2.92037
83	104	2.82688
83	109	2.80241
83	112	2.93487
83	117	3.40426
83	118	2.79771
83	120	2.7995
84	3	2.85787
84	7	2.75179
84	8	5.9029
84	16	3.00489
84	22	0.000394774
84	25	3.01233
84	37	3.0146
84	62	2.75178
84	64	2.69657
84	74	2.98469
84	77	2.87074
84	85	2.99275
84	95	2.74282
84	101	2.75034
84	110	3.0101
84	111	2.86307
85	21	1.8742
85	37	3.00809
85	38	2.98609
85	62	2.74527
85	64	2.69006
85	74	2.97818
85	77	2.86423
85	84	2.99926
85	93	2.9151
85	95	2.73631
85	100	2.98558
85	105	2.71654
85	111	2.85656
85	116	2.99353
85	119	2.96583
85	127	2.87815
86	1	2.70698
86	12	2.73878
86	17	2.71954
86	22	2.89311
86	41	2.5793
86	46	2.75153
86	58	2.73948
86	72	2.72987
86	76	4.17111
86	88	2.579
86	92	2.88361
86	93	2.71734
86	94	2.87881
86	98	2.77193
86	114	2.87683
86	128	2.89329
87	7	0.00557403
87	8	2.67123
87	15	2.63593
87	20	2.7182
87	34	2.65719
87	50	2.81668
87	53	2.9366
87	57	2.96583
87	63	2.66922
87	66	2.80541
87	68	2.92337
87	73	2.81609
87	82	2.97241
87	83	2.8011
87	104	2.8276
87	120	2.80022
88	1	2.70929
88	10	2.58194
88	12	2.7411
88	18	2.59062
88	26	2.87963
88	31	2.59909
88	46	2.75384
88	49	4.50829
88	58	2.74179
88	60	2.89564
88	92	2.88593
88	94	2.88113
88	99	2.86246
88	123	2.7232
88	125	2.61074
88	128	2.89561
89	1	4.32536
89	4	2.72038
89	6	2.89854
89	9	2.71306
89	11	2.73075
89	29	2.7073
89	39	2.8564
89	43	2.87757
89	45	2.70812
89	66	2.83027
89	67	2.71053
89	81	2.89152
89	113	2.58279
89	115	2.72358
89	117	2.72853
89	126	2.72485
90	19	0.954617
90	20	2.81872
90	27	3.09144
90	44	2.91238
90	54	2.36354
90	56	3.03887
90	57	3.06635
90	70	2.91938
90	71	2.87766
90	72	3.772
90	73	2.91661
90	82	3.07293
90	91	3.02161
90	102	3.04595
90	112	3.03611
90	120	2.90074
91	5	3.02534
91	6	2.6639
91	8	2.71878
91	17	3.25372
91	27	3.03847
91	34	2.70474
91	57	3.01338
91	68	2.97092
91	70	2.86641
91	79	2.85532
91	83	2.84865
91	87	2.87003
91	90	3.11553
91	118	2.84598
91	120	2.84777
91	124	2.7131
92	17	2.87416
92	18	2.74292
92	22	3.04773
92	31	2.75139
92	36	2.89068
92	51	2.92658
92	55	2.88705
92	58	2.8941
92	73	2.49298
92	86	2.72899
92	99	3.01476
92	103	2.89177
92	106	2.85538
92	114	3.03145
92	120	0.00179625
92	125	2.76305
93	12	2.81427
93	24	2.80078
93	36	2.81155
93	41	2.65479
93	46	2.82702
93	47	2.78812
93	55	2.80792
93	60	2.96882
93	73	2.02464
93	86	2.64986
93	88	2.65449
93	92	2.9591
93	99	2.93563
93	103	2.81264
93	106	2.77624
93	114	2.95232
94	1	2.8592
94	17	2.87176
94	26	3.02954
94	55	2.88465
94	59	1.26097
94	60	3.04555
94	72	2.88209
94	74	1.80864
94	86	2.72659
94	98	2.92415
94	99	3.01236
94	103	2.88937
94	106	2.85298
94	122	2.76654
94	123	2.87311
94	125	2.76065
95	2	2.93217
95	7	2.62032
95	14	2.61264
95	24	6.86615
95	32	2.61893
95	40	2.86415
95	42	2.74086
95	52	2.57975
95	65	2.87181
95	74	2.85322
95	77	2.73926
95	80	2.48387
95	84	2.87429
95	96	2.73107
95	100	2.86062
95	101	2.61887
96	2	2.99738
96	7	2.68553
96	25	2.94607
96	29	2.70433
96	32	2.68415
96	37	2.94834
96	38	2.92634
96	40	2.92937
96	52	2.64496
96	78	2.95563
96	101	2.68408
96	105	2.65679
96	111	2.79681
96	119	2.90608
96	121	2.80314
96	127	2.8184
97	4	2.72686
97	6	2.90502
97	11	2.73724
97	21	2.85081
97	28	2.75325
97	30	2.72518
97	37	1.5109
97	39	2.86288
97	54	2.71326
97	67	2.71701
97	69	2.76408
97	75	2.60025
97	76	2.88669
97	89	2.59778
97	117	2.73502
97	126	2.73133
98	10	2.68178
98	17	2.8217
98	18	2.69046
98	36	2.83822
98	41	2.68146
98	47	2.81479
98	51	2.87411
98	55	2.83459
98	86	2.67653
98	88	2.68116
98	103	2.83931
98	119	3.57647
98	122	2.71648
98	123	2.82304
98	125	2.71058
98	128	2.99545
99	24	2.86817
99	26	3.0202
99	31	2.73966
99	43	2.31654
99	46	2.89441
99	47	2.85552
99	58	2.88236
99	88	2.72189
99	92	3.0265
99	93	2.86022
99	98	2.91482
99	103	2.88004
99	106	2.84364
99	110	0.000280278
99	114	3.01972
99	122	2.7572
100	2	3.0568
100	16	2.99806
100	32	2.74357
100	38	2.98576
100	40	2.98879
100	43	2.53021
100	52	2.70438
100	65	2.99645
100	84	2.99893
100	95	2.73598
100	96	2.85571
100	105	2.71621
100	107	2.23873
100	119	2.9655
100	121	2.86256
100	127	2.87782
101	2	2.93593
101	3	2.73015
101	14	2.61641
101	16	2.87718
101	32	2.62269
101	37	2.88689
101	42	2.74462
101	62	2.62407
101	64	2.56886
101	65	2.87557
101	77	2.74302
101	80	2.48763
101	96	2.73483
101	100	2.86438
101	116	2.87233
101	120	2.66282
102	8	2.73095
102	23	2.88764
102	27	3.05064
102	34	2.71691
102	44	2.87159
102	50	2.8764
102	56	2.99807
102	68	2.98309
102	70	2.87859
102	71	2.83687
102	83	2.86083
102	87	2.8822
102	89	4.72585
102	108	2.72639
102	112	2.99532
102	122	0.00196905
103	10	2.66059
103	12	2.81975
103	18	2.66927
103	22	2.97408
103	26	2.95828
103	31	2.67774
103	45	0.720761
103	51	2.85292
103	58	2.82044
103	72	2.81083
103	86	2.65534
103	93	2.7983
103	98	2.8529
103	111	4.87604
103	114	2.9578
103	122	2.69528
104	8	2.67629
104	20	2.72327
104	27	2.99598
104	48	2.67039
104	50	2.82174
104	56	2.94341
104	68	2.92843
104	70	2.82393
104	79	2.81283
104	82	2.97748
104	87	2.82754
104	94	1.93813
104	108	2.67173
104	109	2.80819
104	118	2.8035
104	124	2.67061
105	4	2.61848
105	7	2.61043
105	40	2.85427
105	42	2.73097
105	52	2.56986
105	62	2.61042
105	77	2.72938
105	78	2.88052
105	84	2.86441
105	85	2.85139
105	100	2.85073
105	101	2.60898
105	110	2.86874
105	116	2.85868
105	121	2.72804
105	127	2.7433
106	5	0.737304
106	10	2.64064
106	12	2.7998
106	26	2.93833
106	41	2.64032
106	46	2.81255
106	47	2.77365
106	51	2.83298
106	60	2.95435
106	67	4.11214
106	72	2.79088
106	92	2.94463
106	93	2.77836
106	99	2.92116
106	123	2.7819
106	128	2.95431
107	4	2.85112
107	5	0.0284648
107	13	3.01253
107	17	3.63649
107	21	2.97507
107	29	2.83804
107	35	2.86302
107	39	2.98714
107	43	3.00832
107	45	2.83886
107	49	2.86857
107	66	2.96101
107	75	2.72451
107	81	3.02226
107	89	2.72204
107	113	2.71353
108	5	2.89812
108	15	2.55627
108	23	2.74825
108	44	2.7322
108	50	2.73702
108	53	2.85693
108	63	2.58956
108	69	0.000391585
108	70	2.7392
108	73	2.73643
108	83	2.72144
108	87	2.74281
108	90	2.98831
108	91	2.84143
108	104	2.74794
108	118	2.71877
109	8	2.66554
109	15	2.63023
109	18	5.85364
109	20	2.71251
109	48	2.65963
109	56	2.93265
109	57	2.96014
109	63	2.66353
109	70	2.81317
109	82	2.96672
109	87	2.81678
109	90	3.06228
109	102	2.93974
109	104	2.8219
109	112	2.9299
109	124	2.65985
110	2	3.06206
110	7	2.75021
110	14	2.74254
110	28	4.96135
110	38	2.99101
110	40	2.99405
110	42	2.87075
110	52	2.70964
110	58	3.58166
110	78	3.0203
110	80	2.61377
110	85	2.99117
110	100	2.99051
110	101	2.74876
110	116	2.99846
110	119	2.97075
111	14	2.67061
111	16	2.93138
111	25	2.93882
111	32	2.6769
111	42	2.79882
111	65	2.92978
111	66	1.62126
111	68	2.55282
111	77	2.79723
111	85	2.91924
111	95	2.66931
111	96	2.78903
111	101	2.67683
111	105	2.64953
111	110	2.93659
111	127	2.81115
112	8	2.72603
112	23	2.88272
112	27	3.04572
112	34	2.71199
112	44	2.86667
112	48	2.72013
112	50	2.87148
112	53	2.9914
112	57	3.02063
112	58	5.46138
112	82	3.02722
112	83	2.8559
112	84	1.43816
112	87	2.87728
112	91	2.97589
112	124	2.72035
113	6	2.89429
113	11	2.7265
113	12	4.58536
113	19	2.71326
113	21	2.84007
113	28	2.74251
113	35	2.72803
113	39	2.85214
113	49	2.73357
113	54	2.70252
113	69	2.75334
113	81	2.88727
113	97	2.60001
113	107	2.84853
113	117	2.72428
113	126	2.72059
114	10	2.71879
114	17	2.85871
114	22	3.03228
114	26	3.01648
114	51	2.91112
114	55	2.8716
114	61	5.38815
114	72	2.86903
114	75	3.75652
114	88	2.71817
114	93	2.85651
114	99	2.99931
114	103	2.87632
114	122	2.75349
114	123	2.86005
114	125	2.74759
115	13	2.94989
115	19	2.78561
115	21	2.91242
115	28	2.81486
115	33	2.92227
115	35	2.80038
115	49	2.80593
115	54	2.77488
115	61	2.66507
115	66	2.89837
115	67	2.77863
115	69	2.82569
115	91	2.15689
115	97	2.67237
115	119	4.43013
115	126	2.79295
116	3	2.855
116	7	2.74893
116	16	3.00203
116	25	3.00947
116	26	0.0159131
116	32	2.74754
116	40	2.99277
116	52	2.70836
116	59	0.974807
116	77	2.86788
116	78	3.01902
116	84	3.00291
116	95	2.73995
116	105	2.72018
116	121	2.86654
116	127	2.8818
117	6	2.96753
117	19	2.7865
117	28	2.81575
117	33	2.92316
117	35	2.80127
117	43	2.94656
117	60	0.577994
117	61	2.66596
117	69	2.82658
117	75	2.66275
117	76	2.94919
117	81	2.9605
117	89	2.66028
117	97	2.67325
117	107	2.92177
117	126	2.79383
118	5	2.95817
118	27	2.97131
118	35	3.18756
118	48	2.64572
118	50	2.79707
118	56	2.91874
118	57	2.94622
118	64	5.58507
118	71	2.75754
118	73	2.79648
118	83	2.78149
118	87	2.80287
118	102	2.92583
118	104	2.80799
118	109	2.78352
118	120	2.78061
119	25	2.99561
119	32	2.73369
119	33	1.04218
119	38	2.97588
119	60	0.00140272
119	62	2.73507
119	65	2.98657
119	74	2.96798
119	77	2.85402
119	78	3.00517
119	80	2.59863
119	84	2.98905
119	96	2.84583
119	101	2.73363
119	110	2.99339
119	116	2.98333
120	8	2.66785
120	15	2.63255
120	27	2.98754
120	50	2.8133
120	68	2.91999
120	71	2.77376
120	79	2.80439
120	83	2.79772
120	90	3.06459
120	101	6.38689
120	102	2.94206
120	104	2.82422
120	108	2.66328
120	112	2.93221
120	118	2.79505
120	124	2.66216
121	1	3.74886
121	3	2.78618
121	40	2.92395
121	44	2.4492
121	64	2.62489
121	65	2.9316
121	78	2.9502
121	80	2.54366
121	85	2.92107
121	95	2.67113
121	96	2.79086
121	100	2.92041
121	101	2.67866
121	110	2.93842
121	111	2.79139
121	116	2.92836
122	1	2.72695
122	10	2.5996
122	12	2.75875
122	17	2.73951
122	18	2.60827
122	24	2.74526
122	31	2.61674
122	46	2.7715
122	55	2.7524
122	58	2.75945
122	72	2.74984
122	98	2.79191
122	103	2.75712
122	106	2.72073
122	108	9.04959
122	114	2.8968
123	1	2.78183
123	17	2.79439
123	18	2.66315
123	22	2.96796
123	26	2.95216
123	36	2.81091
123	41	2.65415
123	47	2.78748
123	58	2.81433
123	60	2.96818
123	65	1.73106
123	86	2.64922
123	94	2.95366
123	99	2.93499
123	103	2.812
123	106	2.7756
124	15	2.55571
124	23	2.74769
124	34	2.57696
124	50	2.73646
124	56	2.85813
124	57	2.88561
124	70	2.73864
124	74	3.67142
124	82	2.89219
124	83	2.72088
124	87	2.74225
124	90	2.98775
124	104	2.74738
124	108	2.58644
124	112	2.85537
124	118	2.71821
125	18	2.60533
125	22	2.91014
125	24	2.74231
125	31	2.6138
125	36	2.75309
125	41	2.59633
125	46	2.76856
125	48	6.95472
125	55	2.74945
125	60	2.91036
125	86	2.5914
125	88	2.59603
125	98	2.78896
125	103	2.75418
125	123	2.73791
125	128	2.91032
126	13	2.95207
126	19	2.7878
126	21	2.91461
126	29	2.77758
126	33	2.92446
126	39	2.92668
126	49	2.80811
126	54	2.77706
126	67	2.78081
126	69	2.82788
126	75	2.66405
126	76	2.95049
126	85	2.11817
126	89	2.66158
126	115	2.79386
126	128	3.31869
127	3	2.79574
127	7	2.68966
127	14	2.68199
127	37	2.95247
127	38	2.93047
127	62	2.68965
127	65	2.94116
127	71	3.99877
127	80	2.55322
127	85	2.93062
127	95	2.68069
127	100	2.92996
127	104	2.90342
127	105	2.66092
127	110	2.94797
127	119	2.91021
128	10	2.73909
128	12	2.89824
128	17	2.879
128	24	2.88475
128	26	3.03678
128	31	2.75623
128	36	2.89552
128	41	2.73876
128	58	2.89894
128	68	1.52429
128	88	2.73846
128	93	2.8768
128	94	3.03828
128	99	3.0196
128	125	2.76789
128	127	2.14825
